time	V(in)
0.000000000000000e+000	0.000000e+000
1.142857156212683e-007	7.180788e-006
2.285714312425366e-007	1.436156e-005
3.428571468638050e-007	2.154233e-005
4.571428624850733e-007	2.872308e-005
5.714285781063416e-007	3.590382e-005
6.857142937276099e-007	4.308455e-005
8.000000093488779e-007	5.026527e-005
1.600000018697756e-006	1.005293e-004
7.783600527874437e-006	4.903060e-004
1.396720103705112e-005	8.778932e-004
2.015080154622780e-005	1.263291e-003
2.633440205540449e-005	1.646498e-003
3.251800256458117e-005	2.027517e-003
3.870160307375785e-005	2.406345e-003
4.488520358293452e-005	2.782984e-003
5.674346251150595e-005	3.499230e-003
6.860172144007739e-005	4.186987e-003
8.045998036864883e-005	4.846254e-003
9.231823929722027e-005	5.477031e-003
1.041764982257917e-004	6.079319e-003
1.160347571543632e-004	6.653117e-003
1.278930160829346e-004	7.198426e-003
1.488193553686489e-004	8.066416e-003
1.697456946543632e-004	8.772909e-003
1.906720339400775e-004	9.317906e-003
2.115983732257918e-004	9.701406e-003
2.325247125115061e-004	9.923410e-003
2.534510517972204e-004	9.983917e-003
2.743773910829347e-004	9.882928e-003
2.911184625115061e-004	9.654959e-003
3.078595339400775e-004	9.332278e-003
3.246006053686490e-004	8.914883e-003
3.413416767972205e-004	8.402775e-003
3.580827482257919e-004	7.795954e-003
3.748238196543634e-004	7.094420e-003
3.915648910829348e-004	6.298172e-003
4.020280607257919e-004	5.768012e-003
4.124912303686491e-004	5.219100e-003
4.229544000115063e-004	4.651436e-003
4.334175696543634e-004	4.065020e-003
4.438807392972206e-004	3.459852e-003
4.543439089400777e-004	2.835932e-003
4.648070785829348e-004	2.193260e-003
4.703874357257920e-004	1.848826e-003
4.759677928686491e-004	1.503185e-003
4.815481500115063e-004	1.156339e-003
4.871285071543634e-004	8.082860e-004
4.927088642972205e-004	4.590271e-004
4.982892214400777e-004	1.085622e-004
5.038695785829348e-004	-2.431088e-004
5.115425696543634e-004	-7.273606e-004
5.192155607257919e-004	-1.207165e-003
5.268885517972205e-004	-1.682522e-003
5.345615428686491e-004	-2.153433e-003
5.422345339400778e-004	-2.619896e-003
5.499075250115063e-004	-3.081912e-003
5.575805160829349e-004	-3.539480e-003
5.701363196543635e-004	-4.275604e-003
5.826921232257921e-004	-4.974933e-003
5.952479267972206e-004	-5.637468e-003
6.078037303686492e-004	-6.263208e-003
6.203595339400778e-004	-6.852153e-003
6.329153375115063e-004	-7.404303e-003
6.454711410829349e-004	-7.919659e-003
6.761631053686493e-004	-8.955043e-003
7.068550696543636e-004	-9.634483e-003
7.375470339400779e-004	-9.957977e-003
7.682389982257923e-004	-9.925527e-003
7.989309625115066e-004	-9.537131e-003
8.296229267972209e-004	-8.792791e-003
8.603148910829351e-004	-7.692506e-003
8.728706946543637e-004	-7.155218e-003
8.854264982257924e-004	-6.582965e-003
8.979823017972209e-004	-5.975745e-003
9.105381053686495e-004	-5.333559e-003
9.230939089400781e-004	-4.656407e-003
9.356497125115066e-004	-3.944288e-003
9.482055160829352e-004	-3.197204e-003
9.551809625115066e-004	-2.776928e-003
9.621564089400779e-004	-2.353371e-003
9.691318553686493e-004	-1.926533e-003
9.761073017972207e-004	-1.496414e-003
9.830827482257920e-004	-1.063014e-003
9.900581946543634e-004	-6.263329e-004
9.970336410829348e-004	-1.863710e-004
1.002613998225792e-003	1.653073e-004
1.008194355368649e-003	5.157102e-004
1.013774712511506e-003	8.648378e-004
1.019355069654363e-003	1.212690e-003
1.024935426797220e-003	1.559267e-003
1.030515783940077e-003	1.904568e-003
1.036096141082934e-003	2.248594e-003
1.047256855368648e-003	2.933564e-003
1.058417569654362e-003	3.596293e-003
1.069578283940076e-003	4.236782e-003
1.080738998225790e-003	4.855030e-003
1.091899712511504e-003	5.451038e-003
1.103060426797218e-003	6.024805e-003
1.114221141082932e-003	6.576331e-003
1.132357301797218e-003	7.408003e-003
1.150493462511503e-003	8.124751e-003
1.168629623225788e-003	8.726574e-003
1.186765783940074e-003	9.213474e-003
1.204901944654359e-003	9.585449e-003
1.223038105368644e-003	9.842501e-003
1.241174266082930e-003	9.984628e-003
1.260705516082929e-003	9.963089e-003
1.280236766082929e-003	9.803813e-003
1.299768016082928e-003	9.506799e-003
1.319299266082928e-003	9.072049e-003
1.338830516082928e-003	8.499561e-003
1.358361766082927e-003	7.789336e-003
1.377893016082927e-003	6.941373e-003
1.389053730368641e-003	6.412634e-003
1.400214444654355e-003	5.859524e-003
1.411375158940069e-003	5.282045e-003
1.422535873225783e-003	4.680196e-003
1.433696587511497e-003	4.053977e-003
1.444857301797211e-003	3.403389e-003
1.456018016082925e-003	2.728430e-003
1.462295917868639e-003	2.345407e-003
1.468573819654353e-003	1.960242e-003
1.474851721440068e-003	1.572936e-003
1.481129623225782e-003	1.183490e-003
1.487407525011496e-003	7.919020e-004
1.493685426797210e-003	3.981735e-004
1.499963328582924e-003	2.304133e-006
1.506241230368638e-003	-3.935690e-004
1.512519132154353e-003	-7.873082e-004
1.518797033940067e-003	-1.178914e-003
1.525074935725781e-003	-1.568385e-003
1.531352837511495e-003	-1.955723e-003
1.537630739297209e-003	-2.340927e-003
1.543908641082923e-003	-2.723997e-003
1.555766900011494e-003	-3.441695e-003
1.567625158940066e-003	-4.131194e-003
1.579483417868637e-003	-4.792493e-003
1.591341676797208e-003	-5.425594e-003
1.603199935725779e-003	-6.030495e-003
1.615058194654350e-003	-6.607196e-003
1.626916453582921e-003	-7.155699e-003
1.647145248225778e-003	-8.002509e-003
1.667374042868635e-003	-8.699272e-003
1.687602837511491e-003	-9.245989e-003
1.707831632154348e-003	-9.642658e-003
1.728060426797205e-003	-9.889281e-003
1.748289221440062e-003	-9.985858e-003
1.768518016082918e-003	-9.932388e-003
1.785956632154347e-003	-9.731704e-003
1.803395248225775e-003	-9.427121e-003
1.820833864297203e-003	-9.018638e-003
1.838272480368631e-003	-8.506256e-003
1.855711096440059e-003	-7.889975e-003
1.873149712511488e-003	-7.169794e-003
1.890588328582916e-003	-6.345714e-003
1.901051498225773e-003	-5.818020e-003
1.911514667868630e-003	-5.271336e-003
1.921977837511487e-003	-4.705664e-003
1.932441007154344e-003	-4.121002e-003
1.942904176797201e-003	-3.517352e-003
1.953367346440057e-003	-2.894712e-003
1.963830516082914e-003	-2.253084e-003
1.969410873225772e-003	-1.909092e-003
1.974991230368628e-003	-1.563818e-003
1.980571587511486e-003	-1.217264e-003
1.986151944654342e-003	-8.694287e-004
1.991732301797200e-003	-5.203123e-004
1.997312658940056e-003	-1.699149e-004
2.002893016082914e-003	1.817635e-004
2.009868462511485e-003	6.217338e-004
2.016843908940056e-003	1.058432e-003
2.023819355368627e-003	1.491857e-003
2.030794801797199e-003	1.922011e-003
2.037770248225770e-003	2.348892e-003
2.044745694654341e-003	2.772500e-003
2.051721141082913e-003	3.192837e-003
2.064276944654341e-003	3.940054e-003
2.076832748225769e-003	4.652329e-003
2.089388551797198e-003	5.329661e-003
2.101944355368626e-003	5.972050e-003
2.114500158940054e-003	6.579496e-003
2.127055962511483e-003	7.152000e-003
2.139611766082911e-003	7.689561e-003
2.171698819654338e-003	8.829717e-003
2.203785873225767e-003	9.582384e-003
2.235872926797194e-003	9.947562e-003
2.267959980368622e-003	9.925251e-003
2.300047033940050e-003	9.515451e-003
2.332134087511478e-003	8.718162e-003
2.364221141082906e-003	7.533384e-003
2.376079400011477e-003	7.014607e-003
2.387937658940048e-003	6.465037e-003
2.399795917868619e-003	5.884674e-003
2.411654176797191e-003	5.273516e-003
2.423512435725762e-003	4.631565e-003
2.435370694654333e-003	3.958820e-003
2.447228953582904e-003	3.255282e-003
2.454204400011476e-003	2.835820e-003
2.461179846440047e-003	2.412961e-003
2.468155292868618e-003	1.986706e-003
2.475130739297189e-003	1.557053e-003
2.482106185725761e-003	1.124004e-003
2.489081632154332e-003	6.875584e-004
2.496057078582903e-003	2.477157e-004
2.500939891082903e-003	-5.977439e-005
2.505822703582903e-003	-3.664887e-004
2.510705516082903e-003	-6.724273e-004
2.515588328582903e-003	-9.775901e-004
2.520471141082903e-003	-1.281977e-003
2.525353953582903e-003	-1.585589e-003
2.530236766082902e-003	-1.888424e-003
2.540699935725760e-003	-2.536017e-003
2.551163105368616e-003	-3.166071e-003
2.561626275011473e-003	-3.778588e-003
2.572089444654330e-003	-4.373567e-003
2.582552614297187e-003	-4.951008e-003
2.593015783940044e-003	-5.510911e-003
2.603478953582901e-003	-6.053276e-003
2.620220025011472e-003	-6.871819e-003
2.636961096440043e-003	-7.597389e-003
2.653702167868614e-003	-8.229985e-003
2.670443239297185e-003	-8.769607e-003
2.687184310725756e-003	-9.216256e-003
2.703925382154327e-003	-9.569931e-003
2.720666453582898e-003	-9.830633e-003
2.741592792868612e-003	-9.974017e-003
2.762519132154326e-003	-9.954389e-003
2.783445471440040e-003	-9.771748e-003
2.804371810725754e-003	-9.426094e-003
2.825298150011468e-003	-8.917428e-003
2.846224489297181e-003	-8.245750e-003
2.867150828582895e-003	-7.411059e-003
2.879009087511467e-003	-6.882273e-003
2.890867346440037e-003	-6.323541e-003
2.902725605368609e-003	-5.734863e-003
2.914583864297180e-003	-5.116239e-003
2.926442123225751e-003	-4.467668e-003
2.938300382154322e-003	-3.789151e-003
2.950158641082893e-003	-3.080689e-003
2.957134087511465e-003	-2.658832e-003
2.964109533940036e-003	-2.233926e-003
2.971084980368607e-003	-1.805972e-003
2.978060426797179e-003	-1.374968e-003
2.985035873225750e-003	-9.409153e-004
2.992011319654321e-003	-5.038136e-004
2.998986766082892e-003	-6.366293e-005
3.005264667868607e-003	3.322509e-004
3.011542569654321e-003	7.261254e-004
3.017820471440035e-003	1.117960e-003
3.024098373225749e-003	1.507756e-003
3.030376275011463e-003	1.895512e-003
3.036654176797177e-003	2.281229e-003
3.042932078582891e-003	2.664907e-003
3.054092792868605e-003	3.341295e-003
3.065253507154319e-003	3.993592e-003
3.076414221440033e-003	4.621801e-003
3.087574935725748e-003	5.225919e-003
3.098735650011462e-003	5.805948e-003
3.109896364297176e-003	6.361887e-003
3.121057078582890e-003	6.893736e-003
3.140588328582889e-003	7.747916e-003
3.160119578582889e-003	8.464719e-003
3.179650828582889e-003	9.044144e-003
3.199182078582888e-003	9.486191e-003
3.218713328582888e-003	9.790861e-003
3.238244578582887e-003	9.958153e-003
3.257775828582887e-003	9.988068e-003
3.275911989297172e-003	9.853631e-003
3.294048150011458e-003	9.603903e-003
3.312184310725743e-003	9.238882e-003
3.330320471440028e-003	8.758570e-003
3.348456632154313e-003	8.162967e-003
3.366592792868599e-003	7.452071e-003
3.384728953582884e-003	6.625884e-003
3.395889667868598e-003	6.077314e-003
3.407050382154312e-003	5.506217e-003
3.418211096440026e-003	4.912593e-003
3.429371810725741e-003	4.296441e-003
3.440532525011455e-003	3.657762e-003
3.451693239297169e-003	2.996556e-003
3.462853953582883e-003	2.312823e-003
3.468434310725740e-003	1.969286e-003
3.474014667868597e-003	1.624393e-003
3.479595025011454e-003	1.278144e-003
3.485175382154310e-003	9.305387e-004
3.490755739297168e-003	5.815779e-004
3.496336096440024e-003	2.312612e-004
3.501916453582882e-003	-1.204114e-004
3.508891900011453e-003	-5.604831e-004
3.515867346440024e-003	-9.973984e-004
3.522842792868595e-003	-1.431157e-003
3.529818239297167e-003	-1.861760e-003
3.536793685725738e-003	-2.289206e-003
3.543769132154309e-003	-2.713496e-003
3.550744578582881e-003	-3.134629e-003
3.562602837511452e-003	-3.841600e-003
3.574461096440023e-003	-4.518361e-003
3.586319355368594e-003	-5.164914e-003
3.598177614297165e-003	-5.781259e-003
3.610035873225737e-003	-6.367395e-003
3.621894132154308e-003	-6.923322e-003
3.633752391082879e-003	-7.449041e-003
3.656771364297164e-003	-8.354079e-003
3.679790337511449e-003	-9.060100e-003
3.702809310725735e-003	-9.567104e-003
3.725828283940020e-003	-9.875090e-003
3.748847257154305e-003	-9.984060e-003
3.771866230368590e-003	-9.894012e-003
3.794885203582875e-003	-9.604947e-003
3.810928730368589e-003	-9.262010e-003
3.826972257154304e-003	-8.838222e-003
3.843015783940018e-003	-8.333581e-003
3.859059310725731e-003	-7.748089e-003
3.875102837511446e-003	-7.081746e-003
3.891146364297160e-003	-6.334550e-003
3.907189891082873e-003	-5.506503e-003
3.916955516082873e-003	-4.978963e-003
3.926721141082873e-003	-4.437923e-003
3.936486766082873e-003	-3.883385e-003
3.946252391082873e-003	-3.315349e-003
3.956018016082872e-003	-2.733814e-003
3.965783641082872e-003	-2.138781e-003
3.975549266082872e-003	-1.530249e-003
3.982524712511443e-003	-1.093699e-003
3.989500158940015e-003	-6.571442e-004
3.996475605368586e-003	-2.205853e-004
4.003451051797157e-003	2.159781e-004
4.010426498225728e-003	6.525459e-004
4.017401944654300e-003	1.089118e-003
4.024377391082871e-003	1.525695e-003
4.034143016082871e-003	2.134279e-003
4.043908641082871e-003	2.729381e-003
4.053674266082870e-003	3.311001e-003
4.063439891082870e-003	3.879138e-003
4.073205516082870e-003	4.433793e-003
4.082971141082870e-003	4.974966e-003
4.092736766082870e-003	5.502656e-003
4.108780292868584e-003	6.330987e-003
4.124823819654297e-003	7.078493e-003
4.140867346440012e-003	7.745175e-003
4.156910873225725e-003	8.331034e-003
4.172954400011439e-003	8.836068e-003
4.188997926797153e-003	9.260278e-003
4.205041453582867e-003	9.603663e-003
4.228060426797152e-003	9.893413e-003
4.251079400011438e-003	9.984125e-003
4.274098373225723e-003	9.875799e-003
4.297117346440008e-003	9.568435e-003
4.320136319654293e-003	9.062033e-003
4.343155292868579e-003	8.356593e-003
4.366174266082864e-003	7.452114e-003
4.378032525011435e-003	6.926645e-003
4.389890783940006e-003	6.370947e-003
4.401749042868578e-003	5.785018e-003
4.413607301797148e-003	5.168859e-003
4.425465560725719e-003	4.522471e-003
4.437323819654291e-003	3.845853e-003
4.449182078582862e-003	3.139005e-003
4.456157525011433e-003	2.717931e-003
4.463132971440005e-003	2.293692e-003
4.470108417868576e-003	1.866287e-003
4.477083864297147e-003	1.435718e-003
4.484059310725718e-003	1.001983e-003
4.491034757154289e-003	5.650839e-004
4.498010203582861e-003	1.250193e-004
4.503590560725718e-003	-2.266542e-004
4.509170917868575e-003	-5.769774e-004
4.514751275011432e-003	-9.259504e-004
4.520331632154289e-003	-1.273573e-003
4.525911989297146e-003	-1.619845e-003
4.531492346440003e-003	-1.964768e-003
4.537072703582860e-003	-2.308339e-003
4.548233417868574e-003	-2.992160e-003
4.559394132154288e-003	-3.653474e-003
4.570554846440002e-003	-4.292280e-003
4.581715560725716e-003	-4.908579e-003
4.592876275011430e-003	-5.502370e-003
4.604036989297144e-003	-6.073654e-003
4.615197703582858e-003	-6.622431e-003
4.633333864297143e-003	-7.449003e-003
4.651470025011429e-003	-8.160309e-003
4.669606185725714e-003	-8.756348e-003
4.687742346440000e-003	-9.237121e-003
4.705878507154285e-003	-9.602628e-003
4.724014667868571e-003	-9.852868e-003
4.742150828582856e-003	-9.987841e-003
4.761682078582855e-003	-9.958512e-003
4.781213328582855e-003	-9.791779e-003
4.800744578582854e-003	-9.487644e-003
4.820275828582854e-003	-9.046106e-003
4.839807078582854e-003	-8.467165e-003
4.859338328582853e-003	-7.750821e-003
4.878869578582853e-003	-6.897074e-003
4.883054846439996e-003	-6.703946e-003
4.887240114297138e-003	-6.506533e-003
4.891425382154281e-003	-6.304834e-003
4.895610650011424e-003	-6.098849e-003
4.899795917868567e-003	-5.888579e-003
4.903981185725709e-003	-5.674023e-003
4.908166453582852e-003	-5.455181e-003
4.913049266082852e-003	-5.195529e-003
4.922117346439995e-003	-4.696237e-003
4.931185426797137e-003	-4.185951e-003
4.940253507154280e-003	-3.664668e-003
4.949321587511423e-003	-3.132391e-003
4.958389667868566e-003	-2.589117e-003
4.967457748225708e-003	-2.034848e-003
4.976525828582851e-003	-1.469584e-003
4.996057078582850e-003	-2.477157e-004
5.000000000000000e-003	-1.224647e-017
