time	V(out)
0.000000000000000e+000	2.499995e-007
4.464285687154149e-011	2.693141e-006
8.928571374308298e-011	9.398552e-006
1.339285706146245e-010	2.036624e-005
1.785714274861660e-010	3.559619e-005
2.232142843577075e-010	5.508841e-005
2.678571412292489e-010	7.884291e-005
3.124999981007903e-010	1.068597e-004
6.249999962015806e-010	3.796898e-004
1.000000000000000e-009	8.278938e-004
1.262500002658894e-009	1.221234e-003
1.562500005697629e-009	1.625994e-003
2.162500011775100e-009	2.312678e-003
3.362500023930042e-009	3.366991e-003
4.784952977123540e-009	4.211417e-003
6.528686953630634e-009	4.801048e-003
8.416451026388139e-009	5.084947e-003
1.074682221605759e-008	5.139708e-003
1.340054374688158e-008	5.002272e-003
1.680366646254235e-008	4.692150e-003
2.093848386871672e-008	4.260730e-003
2.661216061284115e-008	3.683794e-003
3.447503279662883e-008	2.986098e-003
4.844533385203604e-008	1.976012e-003
6.193767002728631e-008	1.221343e-003
7.910606519888367e-008	5.069201e-004
9.756042729812314e-008	-6.797151e-005
1.202033731975923e-007	-5.999813e-004
1.450740470875701e-007	-1.058604e-003
1.765196055483334e-007	-1.538136e-003
2.135867675814697e-007	-2.037673e-003
2.635288200013111e-007	-2.665445e-003
4.301962825414114e-007	-4.678397e-003
9.300341269668232e-007	-1.054588e-002
1.418315376966823e-006	-1.611717e-002
1.906596626966823e-006	-2.153569e-002
2.394877876966823e-006	-2.679260e-002
3.371440376966823e-006	-3.684051e-002
4.348002876966824e-006	-4.629738e-002
5.812846626966825e-006	-5.944907e-002
7.277690376966827e-006	-7.145539e-002
8.742534126966828e-006	-8.241473e-002
1.020737787696683e-005	-9.225265e-002
1.167222162696683e-005	-1.013856e-001
1.313706537696683e-005	-1.098136e-001
1.460190912696684e-005	-1.175366e-001
1.606675287696684e-005	-1.245547e-001
1.753159662696684e-005	-1.308677e-001
1.899644037696684e-005	-1.364758e-001
2.046128412696684e-005	-1.416376e-001
2.192612787696684e-005	-1.464235e-001
2.339097162696684e-005	-1.508336e-001
2.485581537696684e-005	-1.548677e-001
2.632065912696685e-005	-1.585260e-001
2.778550287696685e-005	-1.618084e-001
2.925034662696685e-005	-1.647149e-001
3.078494484125256e-005	-1.675001e-001
3.231954305553828e-005	-1.700685e-001
3.385414126982399e-005	-1.724200e-001
3.538873948410971e-005	-1.745546e-001
3.692333769839542e-005	-1.764724e-001
3.845793591268114e-005	-1.781734e-001
3.999253412696685e-005	-1.796575e-001
4.142231496597159e-005	-1.809230e-001
4.285209580497633e-005	-1.820894e-001
4.428187664398106e-005	-1.831567e-001
4.571165748298580e-005	-1.841250e-001
4.714143832199054e-005	-1.849943e-001
4.857121916099527e-005	-1.857645e-001
5.000100000000001e-005	-1.864356e-001
5.000108545403384e-005	-1.864529e-001
5.000125636210151e-005	-1.865246e-001
5.000159817823684e-005	-1.868009e-001
5.000200000000000e-005	-1.872677e-001
5.000212054652895e-005	-1.874528e-001
5.000228127523422e-005	-1.876874e-001
5.000260273264475e-005	-1.881161e-001
5.000324564746582e-005	-1.888353e-001
5.000453147710795e-005	-1.899262e-001
5.000594530179290e-005	-1.907233e-001
5.000774766942503e-005	-1.912880e-001
5.000963203751965e-005	-1.915407e-001
5.001204390377675e-005	-1.915720e-001
5.001471284251627e-005	-1.914195e-001
5.001824555335444e-005	-1.910898e-001
5.002244582549727e-005	-1.906522e-001
5.002838444359887e-005	-1.900569e-001
5.003653603689677e-005	-1.893535e-001
5.005193636659121e-005	-1.882871e-001
5.006631908919192e-005	-1.875325e-001
5.008599368876581e-005	-1.867796e-001
5.010377831483726e-005	-1.862749e-001
5.012852888177222e-005	-1.857474e-001
5.015333811740615e-005	-1.853269e-001
5.018825985211145e-005	-1.848324e-001
5.022634074811757e-005	-1.843486e-001
5.028267523804681e-005	-1.836744e-001
5.035278868649220e-005	-1.828557e-001
5.184886531432420e-005	-1.665817e-001
5.334494194215620e-005	-1.514694e-001
5.484101856998820e-005	-1.375187e-001
5.633709519782019e-005	-1.247297e-001
5.783317182565220e-005	-1.131022e-001
5.932924845348419e-005	-1.026365e-001
6.082532508131619e-005	-9.333238e-002
6.229016883131618e-005	-8.492832e-002
6.375501258131619e-005	-7.711595e-002
6.521985633131619e-005	-6.989529e-002
6.668470008131619e-005	-6.326632e-002
6.814954383131619e-005	-5.722905e-002
6.961438758131619e-005	-5.178349e-002
7.107923133131619e-005	-4.692962e-002
7.247432061703048e-005	-4.264883e-002
7.386940990274477e-005	-3.865832e-002
7.526449918845906e-005	-3.495807e-002
7.665958847417335e-005	-3.154810e-002
7.805467775988762e-005	-2.842840e-002
7.944976704560191e-005	-2.559898e-002
8.084485633131620e-005	-2.305982e-002
8.223994561703049e-005	-2.070992e-002
8.363503490274478e-005	-1.851952e-002
8.503012418845907e-005	-1.648861e-002
8.642521347417336e-005	-1.461721e-002
8.782030275988763e-005	-1.290532e-002
8.921539204560192e-005	-1.135292e-002
9.061048133131621e-005	-9.960027e-003
9.195184114112819e-005	-8.718003e-003
9.329320095094015e-005	-7.557614e-003
9.463456076075213e-005	-6.478862e-003
9.597592057056409e-005	-5.481744e-003
9.731728038037607e-005	-4.566263e-003
9.865864019018804e-005	-3.732418e-003
1.000000000000000e-004	-2.980208e-003
1.000000978695475e-004	-2.957555e-003
1.000002936086424e-004	-2.870243e-003
1.000006085218101e-004	-2.608025e-003
1.000010000000000e-004	-2.146112e-003
1.000012740347329e-004	-1.736770e-003
1.000015872172848e-004	-1.317423e-003
1.000022135823886e-004	-6.108441e-004
1.000034663125962e-004	4.660665e-004
1.000048825608752e-004	1.280479e-003
1.000066620407693e-004	1.854991e-003
1.000085465357022e-004	2.119730e-003
1.000109261958559e-004	2.160716e-003
1.000135873589944e-004	2.014735e-003
1.000170680556726e-004	1.693690e-003
1.000212390948960e-004	1.259905e-003
1.000270691622386e-004	6.735812e-004
1.000350956824936e-004	-2.488929e-005
1.000498812192661e-004	-1.064899e-003
1.000634835665888e-004	-1.799789e-003
1.000807658923167e-004	-2.489019e-003
1.000993524915098e-004	-3.042339e-003
1.001223829836489e-004	-3.558014e-003
1.001476060136931e-004	-4.000405e-003
1.001796880077465e-004	-4.465378e-003
1.002174771055819e-004	-4.949907e-003
1.002688113655837e-004	-5.564784e-003
1.006185322829699e-004	-9.560440e-003
1.009714421946307e-004	-1.348901e-002
1.014597234446308e-004	-1.879974e-002
1.019480046946308e-004	-2.396320e-002
1.029245671946308e-004	-3.383256e-002
1.039011296946308e-004	-4.312147e-002
1.048776921946308e-004	-5.186365e-002
1.063425359446308e-004	-6.402083e-002
1.078073796946308e-004	-7.511854e-002
1.092722234446308e-004	-8.508145e-002
1.107370671946308e-004	-9.433096e-002
1.122019109446308e-004	-1.028671e-001
1.136667546946308e-004	-1.106898e-001
1.151315984446308e-004	-1.177992e-001
1.165964421946308e-004	-1.241951e-001
1.180612859446308e-004	-1.298777e-001
1.195261296946308e-004	-1.351086e-001
1.209909734446308e-004	-1.399591e-001
1.224558171946308e-004	-1.444293e-001
1.239206609446308e-004	-1.485191e-001
1.253855046946308e-004	-1.522286e-001
1.268503484446308e-004	-1.555576e-001
1.283151921946308e-004	-1.585063e-001
1.298497904089165e-004	-1.613326e-001
1.313843886232022e-004	-1.639394e-001
1.329189868374879e-004	-1.663268e-001
1.344535850517736e-004	-1.684947e-001
1.359881832660593e-004	-1.704432e-001
1.375227814803451e-004	-1.721723e-001
1.390573796946308e-004	-1.736819e-001
1.406207540239692e-004	-1.750797e-001
1.421841283533077e-004	-1.763607e-001
1.437475026826462e-004	-1.775248e-001
1.453108770119846e-004	-1.785721e-001
1.468742513413231e-004	-1.795026e-001
1.484376256706615e-004	-1.803163e-001
1.500010000000000e-004	-1.810132e-001
1.500011000000000e-004	-1.810368e-001
1.500013000000000e-004	-1.811261e-001
1.500016000000000e-004	-1.813758e-001
1.500020000000000e-004	-1.818474e-001
1.500021200000000e-004	-1.820316e-001
1.500022800000000e-004	-1.822651e-001
1.500026000000000e-004	-1.826920e-001
1.500032400000001e-004	-1.834087e-001
1.500045200000001e-004	-1.844967e-001
1.500059348429576e-004	-1.852967e-001
1.500077334351752e-004	-1.858627e-001
1.500096184650728e-004	-1.861172e-001
1.500120250292909e-004	-1.861499e-001
1.500146935781966e-004	-1.859982e-001
1.500182180649414e-004	-1.856697e-001
1.500224151255208e-004	-1.852324e-001
1.500283371051985e-004	-1.846383e-001
1.500364723375386e-004	-1.839351e-001
1.500517790710219e-004	-1.828722e-001
1.500660490142599e-004	-1.821161e-001
1.500837625230337e-004	-1.814271e-001
1.501024251886894e-004	-1.808860e-001
1.501258345307509e-004	-1.803735e-001
1.501514238342525e-004	-1.799316e-001
1.501842937474962e-004	-1.794588e-001
1.502228998575004e-004	-1.789639e-001
1.502758897758238e-004	-1.783260e-001
1.503457516632128e-004	-1.775075e-001
1.517677393349749e-004	-1.619473e-001
1.531897270067370e-004	-1.474548e-001
1.546117146784991e-004	-1.340301e-001
1.560337023502613e-004	-1.216730e-001
1.574556900220234e-004	-1.103837e-001
1.588776776937855e-004	-1.001621e-001
1.602996653655476e-004	-9.100820e-002
1.616947546512619e-004	-8.270020e-002
1.630898439369762e-004	-7.495556e-002
1.644849332226905e-004	-6.777426e-002
1.658800225084048e-004	-6.115633e-002
1.672751117941191e-004	-5.510175e-002
1.686702010798334e-004	-4.961052e-002
1.700652903655476e-004	-4.468264e-002
1.713906251869762e-004	-4.033517e-002
1.727159600084048e-004	-3.627105e-002
1.740412948298334e-004	-3.249028e-002
1.753666296512619e-004	-2.899287e-002
1.766919644726905e-004	-2.577881e-002
1.780172992941191e-004	-2.284810e-002
1.793426341155477e-004	-2.020075e-002
1.805982144726905e-004	-1.786486e-002
1.818537948298334e-004	-1.567501e-002
1.831093751869762e-004	-1.363120e-002
1.843649555441191e-004	-1.173344e-002
1.856205359012620e-004	-9.981729e-003
1.868761162584048e-004	-8.376057e-003
1.881316966155477e-004	-6.916429e-003
1.895965403655477e-004	-5.321414e-003
1.910613841155477e-004	-3.864323e-003
1.925262278655477e-004	-2.533307e-003
1.939910716155477e-004	-1.317537e-003
1.954559153655477e-004	-2.071119e-004
1.969207591155477e-004	8.070176e-004
1.983856028655477e-004	1.733124e-003
2.000000000000000e-004	2.662855e-003
2.000000378518703e-004	2.666333e-003
2.000001135556108e-004	2.680884e-003
2.000002649630918e-004	2.745751e-003
2.000005677780538e-004	2.992060e-003
2.000010000000000e-004	3.491097e-003
2.000013025553624e-004	3.940990e-003
2.000016483329194e-004	4.396799e-003
2.000023398880334e-004	5.151920e-003
2.000037229982614e-004	6.281259e-003
2.000051294604525e-004	7.029537e-003
2.000069978647372e-004	7.565484e-003
2.000088818923162e-004	7.785009e-003
2.000113877479056e-004	7.789027e-003
2.000140788295852e-004	7.619187e-003
2.000177639415647e-004	7.265918e-003
2.000220492995351e-004	6.819214e-003
2.000283118037456e-004	6.199805e-003
2.000368422120343e-004	5.484134e-003
2.000539030286117e-004	4.358241e-003
2.000702527950654e-004	3.552671e-003
2.000891467433497e-004	2.882634e-003
2.001081833361087e-004	2.382588e-003
2.001327614416350e-004	1.890699e-003
2.001597247590721e-004	1.457271e-003
2.001951267512926e-004	9.739562e-004
2.002367029419525e-004	4.587599e-004
2.002953098201079e-004	-2.321232e-004
2.005056256312013e-004	-2.642759e-003
2.007425318200185e-004	-5.307262e-003
2.012163441976529e-004	-1.052813e-002
2.017046254476529e-004	-1.577009e-002
2.021929066976529e-004	-2.085692e-002
2.031694691976529e-004	-3.057989e-002
2.041460316976529e-004	-3.973112e-002
2.051225941976529e-004	-4.834381e-002
2.065874379476529e-004	-6.032112e-002
2.080522816976529e-004	-7.125483e-002
2.095171254476529e-004	-8.107076e-002
2.109819691976529e-004	-9.018401e-002
2.124468129476529e-004	-9.859456e-002
2.139116566976529e-004	-1.063024e-001
2.153765004476529e-004	-1.133076e-001
2.168413441976529e-004	-1.196101e-001
2.183061879476529e-004	-1.252099e-001
2.197710316976529e-004	-1.303649e-001
2.212358754476529e-004	-1.351451e-001
2.227007191976529e-004	-1.395507e-001
2.241655629476529e-004	-1.435816e-001
2.256304066976529e-004	-1.472379e-001
2.270952504476529e-004	-1.505195e-001
2.285600941976529e-004	-1.534264e-001
2.300946924119386e-004	-1.562129e-001
2.316292906262243e-004	-1.587832e-001
2.331638888405101e-004	-1.611373e-001
2.346984870547958e-004	-1.632753e-001
2.362330852690815e-004	-1.651972e-001
2.377676834833672e-004	-1.669029e-001
2.393022816976529e-004	-1.683924e-001
2.408306700265596e-004	-1.697435e-001
2.423590583554664e-004	-1.709838e-001
2.438874466843731e-004	-1.721135e-001
2.454158350132798e-004	-1.731326e-001
2.469442233421866e-004	-1.740409e-001
2.484726116710933e-004	-1.748387e-001
2.500010000000000e-004	-1.755257e-001
2.500011000000000e-004	-1.755493e-001
2.500013000000000e-004	-1.756386e-001
2.500016000000000e-004	-1.758884e-001
2.500020000000000e-004	-1.763599e-001
2.500021200000001e-004	-1.765441e-001
2.500022800000001e-004	-1.767776e-001
2.500026000000001e-004	-1.772045e-001
2.500032400000001e-004	-1.779213e-001
2.500045200000002e-004	-1.790093e-001
2.500059348328214e-004	-1.798092e-001
2.500077334206132e-004	-1.803753e-001
2.500096184376465e-004	-1.806298e-001
2.500120249904824e-004	-1.806625e-001
2.500146935138472e-004	-1.805108e-001
2.500182179685429e-004	-1.801823e-001
2.500224149708363e-004	-1.797450e-001
2.500283368579266e-004	-1.791509e-001
2.500364718949836e-004	-1.784478e-001
2.500517779905534e-004	-1.773850e-001
2.500660472357743e-004	-1.766289e-001
2.500837602694014e-004	-1.759400e-001
2.501024228147107e-004	-1.753989e-001
2.501258316726796e-004	-1.748866e-001
2.501514205034780e-004	-1.744447e-001
2.501842894365616e-004	-1.739720e-001
2.502228944996240e-004	-1.734772e-001
2.502758823204667e-004	-1.728395e-001
2.504570266576381e-004	-1.707347e-001
2.518631086589709e-004	-1.554458e-001
2.532691906603036e-004	-1.411970e-001
2.546752726616364e-004	-1.279884e-001
2.560813546629692e-004	-1.158200e-001
2.574874366643019e-004	-1.046918e-001
2.588935186656346e-004	-9.460378e-002
2.602996006669674e-004	-8.555593e-002
2.616249354883960e-004	-7.764062e-002
2.629502703098246e-004	-7.024098e-002
2.642756051312531e-004	-6.335701e-002
2.656009399526817e-004	-5.698870e-002
2.669262747741103e-004	-5.113607e-002
2.682516095955389e-004	-4.579909e-002
2.695769444169674e-004	-4.097779e-002
2.708325247741103e-004	-3.672349e-002
2.720881051312531e-004	-3.273496e-002
2.733436854883960e-004	-2.901223e-002
2.745992658455389e-004	-2.555527e-002
2.758548462026817e-004	-2.236410e-002
2.771104265598246e-004	-1.943870e-002
2.783660069169674e-004	-1.677909e-002
2.798308506669674e-004	-1.387255e-002
2.812956944169674e-004	-1.121702e-002
2.827605381669674e-004	-8.790925e-003
2.842253819169674e-004	-6.574567e-003
2.856902256669674e-004	-4.549927e-003
2.866667881669674e-004	-3.298483e-003
2.876433506669674e-004	-2.120373e-003
2.886199131669674e-004	-1.011334e-003
2.895964756669674e-004	3.264804e-005
2.905730381669674e-004	1.015355e-003
2.915496006669674e-004	1.940349e-003
2.930144444169674e-004	3.226910e-003
2.944792881669674e-004	4.401629e-003
2.952679612859721e-004	4.987653e-003
2.960566344049767e-004	5.548844e-003
2.968453075239814e-004	6.085203e-003
2.976339806429861e-004	6.596729e-003
2.984226537619907e-004	7.083424e-003
2.992113268809954e-004	7.545285e-003
3.000000000000000e-004	7.982315e-003
3.000000984174596e-004	8.005216e-003
3.000002952523788e-004	8.093043e-003
3.000006063301617e-004	8.352065e-003
3.000010000000000e-004	8.816474e-003
3.000012755688869e-004	9.227974e-003
3.000015905047576e-004	9.649280e-003
3.000022203764989e-004	1.035851e-002
3.000034801199814e-004	1.143836e-002
3.000048959018595e-004	1.224903e-002
3.000066802585072e-004	1.282145e-002
3.000085647530911e-004	1.308359e-002
3.000109512278839e-004	1.312253e-002
3.000136140524045e-004	1.297516e-002
3.000171057361938e-004	1.265231e-002
3.000212829622890e-004	1.221776e-002
3.000271358617466e-004	1.162961e-002
3.000351886426563e-004	1.093019e-002
3.000501007318637e-004	9.884950e-003
3.000638721335009e-004	9.144816e-003
3.000812643866641e-004	8.455904e-003
3.000998688084384e-004	7.906144e-003
3.001229932467422e-004	7.391853e-003
3.001483056417352e-004	6.950210e-003
3.001805829003667e-004	6.484068e-003
3.002185720788520e-004	5.997894e-003
3.002703136506934e-004	5.378555e-003
3.006248265303129e-004	1.327728e-003
3.009834838748398e-004	-2.664796e-003
3.014717651248398e-004	-7.974847e-003
3.019600463748398e-004	-1.313728e-002
3.024483276248398e-004	-1.814580e-002
3.029366088748398e-004	-2.300495e-002
3.034248901248398e-004	-2.771914e-002
3.044014526248398e-004	-3.672962e-002
3.053780151248398e-004	-4.520995e-002
3.068428588748398e-004	-5.700332e-002
3.083077026248398e-004	-6.776933e-002
3.097725463748398e-004	-7.759622e-002
3.112373901248398e-004	-8.641723e-002
3.127022338748398e-004	-9.460590e-002
3.141670776248398e-004	-1.021622e-001
3.156319213748398e-004	-1.090862e-001
3.170967651248398e-004	-1.153779e-001
3.185616088748398e-004	-1.210372e-001
3.200264526248399e-004	-1.260642e-001
3.214912963748399e-004	-1.306909e-001
3.229561401248399e-004	-1.349804e-001
3.244209838748399e-004	-1.389327e-001
3.258858276248399e-004	-1.425480e-001
3.273506713748399e-004	-1.458260e-001
3.288155151248399e-004	-1.487669e-001
3.302803588748399e-004	-1.513707e-001
3.318149570891256e-004	-1.538655e-001
3.333495553034113e-004	-1.561657e-001
3.348841535176970e-004	-1.582715e-001
3.364187517319827e-004	-1.601827e-001
3.379533499462685e-004	-1.618995e-001
3.394879481605542e-004	-1.634218e-001
3.410225463748399e-004	-1.647495e-001
3.423051826070056e-004	-1.657735e-001
3.435878188391713e-004	-1.667237e-001
3.448704550713371e-004	-1.676003e-001
3.461530913035028e-004	-1.684032e-001
3.474357275356685e-004	-1.691325e-001
3.487183637678343e-004	-1.697880e-001
3.500010000000000e-004	-1.703699e-001
3.500010979665391e-004	-1.703926e-001
3.500012938996172e-004	-1.704800e-001
3.500016081338438e-004	-1.707416e-001
3.500020000000000e-004	-1.712039e-001
3.500021175598469e-004	-1.713845e-001
3.500022743063094e-004	-1.716136e-001
3.500025877992344e-004	-1.720332e-001
3.500032147850845e-004	-1.727402e-001
3.500044687567846e-004	-1.738174e-001
3.500058854018929e-004	-1.746312e-001
3.500076659765048e-004	-1.752051e-001
3.500095510708923e-004	-1.754691e-001
3.500119323991415e-004	-1.755093e-001
3.500145948871928e-004	-1.753627e-001
3.500180786430063e-004	-1.750408e-001
3.500222528563556e-004	-1.746062e-001
3.500280898653028e-004	-1.740188e-001
3.500361271351986e-004	-1.733190e-001
3.500509521226262e-004	-1.722758e-001
3.500646038781002e-004	-1.715381e-001
3.500819192722365e-004	-1.708471e-001
3.501005124273899e-004	-1.702929e-001
3.501235727808596e-004	-1.697752e-001
3.501488240887387e-004	-1.693304e-001
3.501809666331946e-004	-1.688617e-001
3.502188181234461e-004	-1.683726e-001
3.502702781958157e-004	-1.677509e-001
3.506214619783044e-004	-1.637014e-001
3.519974624517546e-004	-1.488693e-001
3.533734629252047e-004	-1.350300e-001
3.547494633986548e-004	-1.221834e-001
3.561254638721049e-004	-1.103295e-001
3.575014643455550e-004	-9.946835e-002
3.588774648190051e-004	-8.959996e-002
3.602534652924553e-004	-8.072430e-002
3.615788001138838e-004	-7.279077e-002
3.629041349353124e-004	-6.537437e-002
3.642294697567410e-004	-5.847509e-002
3.655548045781696e-004	-5.209294e-002
3.668801393995981e-004	-4.622791e-002
3.682054742210267e-004	-4.088001e-002
3.695308090424553e-004	-3.604923e-002
3.709956527924553e-004	-3.104648e-002
3.724604965424553e-004	-2.647520e-002
3.739253402924553e-004	-2.229832e-002
3.753901840424553e-004	-1.848197e-002
3.768550277924553e-004	-1.499518e-002
3.783198715424553e-004	-1.180963e-002
3.797847152924553e-004	-8.899444e-003
3.812495590424553e-004	-6.240974e-003
3.822261215424553e-004	-4.597744e-003
3.832026840424553e-004	-3.050798e-003
3.841792465424553e-004	-1.594537e-003
3.851558090424553e-004	-2.236913e-004
3.861323715424553e-004	1.066704e-003
3.871089340424553e-004	2.281324e-003
3.885737777924553e-004	3.970742e-003
3.900386215424553e-004	5.513317e-003
3.915034652924553e-004	6.921665e-003
3.927172559649617e-004	7.982194e-003
3.939310466374681e-004	8.977680e-003
3.951448373099744e-004	9.908123e-003
3.963586279824809e-004	1.077352e-002
3.975724186549873e-004	1.157388e-002
3.987862093274936e-004	1.230920e-002
4.000000000000000e-004	1.297947e-002
4.000000604666653e-004	1.298825e-002
4.000001813999958e-004	1.302476e-002
4.000004232666568e-004	1.315317e-002
4.000005609222643e-004	1.326344e-002
4.000007246887849e-004	1.344616e-002
4.000010000000000e-004	1.381159e-002
4.000012477800936e-004	1.417873e-002
4.000014955601873e-004	1.452016e-002
4.000017433402809e-004	1.483588e-002
4.000019911203745e-004	1.512590e-002
4.000022389004681e-004	1.539021e-002
4.000024866805617e-004	1.562882e-002
4.000027344606553e-004	1.584172e-002
4.000041903673598e-004	1.688585e-002
4.000057043905713e-004	1.755752e-002
4.000076148566193e-004	1.798185e-002
4.000096415947673e-004	1.812851e-002
4.000122486585138e-004	1.806446e-002
4.000151799734319e-004	1.783838e-002
4.000190933555305e-004	1.744415e-002
4.000238530923151e-004	1.695042e-002
4.000307849705530e-004	1.629269e-002
4.000409674841392e-004	1.548920e-002
4.000575809114909e-004	1.447647e-002
4.000762601263591e-004	1.363449e-002
4.000940666263771e-004	1.305492e-002
4.001154609348991e-004	1.253923e-002
4.001394741505085e-004	1.209018e-002
4.001698357473172e-004	1.162818e-002
4.002054457006767e-004	1.115765e-002
4.002526635842424e-004	1.058332e-002
4.004065867554730e-004	8.799807e-003
4.008511509335295e-004	3.794367e-003
4.013394321835295e-004	-1.555646e-003
4.018277134335295e-004	-6.762109e-003
4.023159946835295e-004	-1.181341e-002
4.028042759335295e-004	-1.671413e-002
4.032925571835295e-004	-2.146870e-002
4.042691196835295e-004	-3.055654e-002
4.052456821835295e-004	-3.910990e-002
4.062222446835295e-004	-4.715986e-002
4.076870884335295e-004	-5.835444e-002
4.091519321835296e-004	-6.857349e-002
4.106167759335296e-004	-7.774763e-002
4.120816196835296e-004	-8.626490e-002
4.135464634335296e-004	-9.412530e-002
4.150113071835296e-004	-1.013288e-001
4.164761509335296e-004	-1.078755e-001
4.179409946835296e-004	-1.137653e-001
4.194058384335296e-004	-1.189982e-001
4.208706821835296e-004	-1.238152e-001
4.223355259335296e-004	-1.282820e-001
4.238003696835296e-004	-1.323986e-001
4.252652134335296e-004	-1.361649e-001
4.267300571835296e-004	-1.395810e-001
4.281949009335296e-004	-1.426469e-001
4.296597446835296e-004	-1.453625e-001
4.311943428978153e-004	-1.479654e-001
4.327289411121010e-004	-1.503663e-001
4.342635393263867e-004	-1.525651e-001
4.357981375406724e-004	-1.545618e-001
4.373327357549582e-004	-1.563565e-001
4.388673339692439e-004	-1.579492e-001
4.404019321835296e-004	-1.593398e-001
4.417732275858825e-004	-1.604811e-001
4.431445229882354e-004	-1.615366e-001
4.445158183905884e-004	-1.625063e-001
4.458871137929412e-004	-1.633901e-001
4.472584091952942e-004	-1.641881e-001
4.486297045976471e-004	-1.649002e-001
4.500010000000000e-004	-1.655265e-001
4.500011000000000e-004	-1.655501e-001
4.500013000000000e-004	-1.656394e-001
4.500016000000001e-004	-1.658892e-001
4.500020000000000e-004	-1.663608e-001
4.500022800000000e-004	-1.667784e-001
4.500026000000001e-004	-1.672053e-001
4.500032400000001e-004	-1.679221e-001
4.500045200000002e-004	-1.690101e-001
4.500059348129763e-004	-1.698101e-001
4.500077333920141e-004	-1.703762e-001
4.500096183839579e-004	-1.706307e-001
4.500120249151374e-004	-1.706634e-001
4.500146933897630e-004	-1.705117e-001
4.500182177844649e-004	-1.701833e-001
4.500224146771189e-004	-1.697461e-001
4.500283363924860e-004	-1.691520e-001
4.500364710666159e-004	-1.684489e-001
4.500517759880612e-004	-1.673863e-001
4.500660439551330e-004	-1.666303e-001
4.500837561185035e-004	-1.659414e-001
4.501024184423012e-004	-1.654005e-001
4.501258264125503e-004	-1.648883e-001
4.501514143771427e-004	-1.644465e-001
4.501842815158681e-004	-1.639740e-001
4.502228846637161e-004	-1.634795e-001
4.502758686492887e-004	-1.628422e-001
4.506614965240960e-004	-1.584170e-001
4.510471243989033e-004	-1.540877e-001
4.514327522737106e-004	-1.498541e-001
4.518183801485179e-004	-1.457163e-001
4.522040080233252e-004	-1.416743e-001
4.525896358981325e-004	-1.377281e-001
4.529752637729398e-004	-1.338778e-001
4.543005985943684e-004	-1.214758e-001
4.556259334157970e-004	-1.098817e-001
4.569512682372256e-004	-9.909571e-002
4.582766030586542e-004	-8.911765e-002
4.596019378800827e-004	-7.994756e-002
4.609272727015113e-004	-7.158545e-002
4.622526075229399e-004	-6.403131e-002
4.635081878800827e-004	-5.736557e-002
4.647637682372256e-004	-5.111627e-002
4.660193485943684e-004	-4.528342e-002
4.672749289515113e-004	-3.986701e-002
4.685305093086542e-004	-3.486704e-002
4.697860896657970e-004	-3.028351e-002
4.710416700229399e-004	-2.611643e-002
4.725065137729399e-004	-2.156246e-002
4.739713575229399e-004	-1.740178e-002
4.754362012729399e-004	-1.360060e-002
4.769010450229399e-004	-1.012805e-002
4.778776075229399e-004	-7.981541e-003
4.788541700229399e-004	-5.960733e-003
4.798307325229399e-004	-4.058320e-003
4.808072950229399e-004	-2.267420e-003
4.817838575229399e-004	-5.815531e-004
4.822721387729399e-004	2.239154e-004
4.832487012729399e-004	1.763569e-003
4.842252637729399e-004	3.212794e-003
4.852018262729399e-004	4.576846e-003
4.866666700229399e-004	6.473976e-003
4.881315137729399e-004	8.206051e-003
4.897358664515112e-004	9.897004e-003
4.913402191300824e-004	1.145848e-002
4.929445718086536e-004	1.289047e-002
4.945489244872249e-004	1.419299e-002
4.961532771657962e-004	1.536603e-002
4.977576298443675e-004	1.640959e-002
4.993619825229387e-004	1.732367e-002
4.999990000000000e-004	1.767327e-002
5.000000000000000e-004	1.767381e-002
