time	V(out)
0.000000000000000e+000	2.499951e-007
4.571428315257112e-010	2.838049e-007
9.142856630514224e-010	3.079991e-007
1.371428494577134e-009	3.225777e-007
1.828571326102845e-009	3.275406e-007
2.285714157628556e-009	3.228880e-007
2.742856989154267e-009	3.086196e-007
3.199999820679977e-009	2.847357e-007
6.399999641359955e-009	-3.700401e-006
1.128281214135995e-008	-2.476963e-005
1.616562464135995e-008	-7.211335e-005
2.104843714135995e-008	-1.544769e-004
2.593124964135995e-008	-2.754574e-004
3.081406214135995e-008	-4.362755e-004
3.569687464135995e-008	-6.370620e-004
4.057968714135995e-008	-8.774399e-004
4.546249964135995e-008	-1.156788e-003
5.034531214135995e-008	-1.474358e-003
5.522812464135995e-008	-1.829331e-003
6.011093714135995e-008	-2.220841e-003
6.499374964135995e-008	-2.647984e-003
7.475937464135995e-008	-3.605419e-003
8.452499964135995e-008	-4.693867e-003
9.429062464135995e-008	-5.905172e-003
1.040562496413600e-007	-7.230834e-003
1.187046871413599e-007	-9.414360e-003
1.333531246413600e-007	-1.180430e-002
1.445138389270743e-007	-1.378168e-002
1.556745532127886e-007	-1.580791e-002
1.668352674985029e-007	-1.788300e-002
1.779959817842173e-007	-2.000694e-002
1.891566960699316e-007	-2.217974e-002
2.003174103556459e-007	-2.440138e-002
2.114781246413602e-007	-2.667188e-002
2.261265621413602e-007	-2.967132e-002
2.407749996413603e-007	-3.255005e-002
2.554234371413603e-007	-3.530808e-002
2.700718746413603e-007	-3.794541e-002
2.847203121413604e-007	-4.046204e-002
2.993687496413604e-007	-4.285796e-002
3.140171871413604e-007	-4.513318e-002
3.272705353556462e-007	-4.696785e-002
3.405238835699319e-007	-4.856998e-002
3.537772317842177e-007	-4.993958e-002
3.670305799985035e-007	-5.107663e-002
3.802839282127892e-007	-5.198115e-002
3.935372764270750e-007	-5.265313e-002
4.067906246413607e-007	-5.309257e-002
4.186488835699321e-007	-5.323419e-002
4.305071424985036e-007	-5.315692e-002
4.423654014270751e-007	-5.286075e-002
4.542236603556466e-007	-5.234570e-002
4.660819192842180e-007	-5.161175e-002
4.779401782127895e-007	-5.065891e-002
4.897984371413609e-007	-4.948719e-002
5.009591514270752e-007	-4.817653e-002
5.121198657127896e-007	-4.669993e-002
5.232805799985038e-007	-4.505739e-002
5.344412942842182e-007	-4.324891e-002
5.456020085699325e-007	-4.127450e-002
5.567627228556468e-007	-3.913414e-002
5.679234371413611e-007	-3.682784e-002
5.790841514270754e-007	-3.437455e-002
5.902448657127898e-007	-3.182509e-002
6.014055799985040e-007	-2.917946e-002
6.125662942842184e-007	-2.643766e-002
6.237270085699327e-007	-2.359969e-002
6.348877228556471e-007	-2.066555e-002
6.460484371413613e-007	-1.763523e-002
6.544189728556471e-007	-1.533675e-002
6.627895085699328e-007	-1.303032e-002
6.711600442842186e-007	-1.071594e-002
6.795305799985042e-007	-8.393619e-003
6.879011157127900e-007	-6.063350e-003
6.962716514270758e-007	-3.725135e-003
7.046421871413615e-007	-1.378974e-003
7.192906246413615e-007	2.665354e-003
7.290562496413615e-007	5.345750e-003
7.388218746413616e-007	7.962119e-003
7.485874996413616e-007	1.051446e-002
7.583531246413616e-007	1.300278e-002
7.681187496413616e-007	1.542706e-002
7.778843746413617e-007	1.778732e-002
7.876499996413617e-007	2.008356e-002
8.029959817842189e-007	2.352252e-002
8.183419639270760e-007	2.664107e-002
8.336879460699332e-007	2.943920e-002
8.490339282127904e-007	3.191691e-002
8.643799103556477e-007	3.407421e-002
8.797258924985049e-007	3.591109e-002
8.950718746413620e-007	3.742756e-002
9.083252228556477e-007	3.838942e-002
9.215785710699335e-007	3.905832e-002
9.348319192842191e-007	3.943426e-002
9.480852674985049e-007	3.951724e-002
9.613386157127907e-007	3.930726e-002
9.745919639270764e-007	3.880432e-002
9.878453121413621e-007	3.800841e-002
9.990060264270765e-007	3.710378e-002
1.010166740712791e-006	3.602088e-002
1.021327454998505e-006	3.475972e-002
1.032488169284219e-006	3.332030e-002
1.043648883569934e-006	3.170261e-002
1.054809597855648e-006	2.990667e-002
1.065970312141362e-006	2.793246e-002
1.075735937141362e-006	2.608058e-002
1.085501562141362e-006	2.414246e-002
1.095267187141362e-006	2.211810e-002
1.105032812141362e-006	2.000749e-002
1.114798437141362e-006	1.781063e-002
1.124564062141363e-006	1.552753e-002
1.134329687141363e-006	1.315819e-002
1.142002678212791e-006	1.126156e-002
1.149675669284220e-006	9.346262e-003
1.157348660355648e-006	7.412286e-003
1.165021651427077e-006	5.459633e-003
1.172694642498505e-006	3.488305e-003
1.180367633569934e-006	1.498300e-003
1.188040624641363e-006	-5.103804e-004
1.196411160355648e-006	-2.706568e-003
1.204781696069934e-006	-4.884170e-003
1.213152231784220e-006	-7.043187e-003
1.221522767498506e-006	-9.183619e-003
1.229893303212791e-006	-1.130547e-002
1.238263838927077e-006	-1.340873e-002
1.246634374641363e-006	-1.549340e-002
1.259887722855649e-006	-1.873737e-002
1.273141071069934e-006	-2.180943e-002
1.286394419284220e-006	-2.470959e-002
1.299647767498506e-006	-2.743783e-002
1.312901115712791e-006	-2.999417e-002
1.326154463927077e-006	-3.237860e-002
1.339407812141363e-006	-3.459112e-002
1.352661160355649e-006	-3.654618e-002
1.365914508569935e-006	-3.823017e-002
1.379167856784220e-006	-3.964310e-002
1.392421204998506e-006	-4.078495e-002
1.405674553212792e-006	-4.165573e-002
1.418927901427078e-006	-4.225545e-002
1.432181249641363e-006	-4.258410e-002
1.443341963927078e-006	-4.261474e-002
1.454502678212792e-006	-4.244416e-002
1.465663392498506e-006	-4.207235e-002
1.476824106784221e-006	-4.149931e-002
1.487984821069935e-006	-4.072505e-002
1.499145535355649e-006	-3.974956e-002
1.510306249641364e-006	-3.857284e-002
1.522862053212792e-006	-3.700295e-002
1.535417856784221e-006	-3.523716e-002
1.547973660355649e-006	-3.327548e-002
1.560529463927078e-006	-3.111790e-002
1.573085267498507e-006	-2.876441e-002
1.585641071069935e-006	-2.621503e-002
1.598196874641364e-006	-2.346975e-002
1.606567410355649e-006	-2.156831e-002
1.614937946069935e-006	-1.962220e-002
1.623308481784221e-006	-1.763141e-002
1.631679017498507e-006	-1.559596e-002
1.640049553212793e-006	-1.351583e-002
1.648420088927078e-006	-1.139102e-002
1.656790624641364e-006	-9.221547e-003
1.664463615712792e-006	-7.212529e-003
1.672136606784221e-006	-5.199295e-003
1.679809597855650e-006	-3.181845e-003
1.687482588927078e-006	-1.160180e-003
1.695155579998507e-006	8.656997e-004
1.702828571069936e-006	2.895795e-003
1.710501562141364e-006	4.930106e-003
1.720964731784221e-006	7.695747e-003
1.731427901427078e-006	1.039849e-002
1.741891071069936e-006	1.303833e-002
1.752354240712793e-006	1.561527e-002
1.762817410355650e-006	1.812931e-002
1.773280579998507e-006	2.058044e-002
1.783743749641364e-006	2.296868e-002
1.799089731784221e-006	2.630635e-002
1.814435713927079e-006	2.933565e-002
1.829781696069936e-006	3.205659e-002
1.845127678212793e-006	3.446917e-002
1.860473660355650e-006	3.657339e-002
1.875819642498507e-006	3.836925e-002
1.891165624641365e-006	3.985675e-002
1.904418972855650e-006	4.079990e-002
1.917672321069935e-006	4.145372e-002
1.930925669284221e-006	4.181820e-002
1.944179017498506e-006	4.189335e-002
1.957432365712791e-006	4.167916e-002
1.970685713927077e-006	4.117564e-002
1.983939062141362e-006	4.038278e-002
1.995099776427076e-006	3.948102e-002
2.006260490712789e-006	3.840042e-002
2.017421204998503e-006	3.714098e-002
2.028581919284217e-006	3.570271e-002
2.039742633569931e-006	3.408560e-002
2.050903347855644e-006	3.228966e-002
2.062064062141358e-006	3.031488e-002
2.072527231784215e-006	2.832070e-002
2.082990401427072e-006	2.622759e-002
2.093453571069929e-006	2.403553e-002
2.103916740712785e-006	2.174453e-002
2.114379910355642e-006	1.935460e-002
2.124843079998499e-006	1.686573e-002
2.135306249641355e-006	1.427792e-002
2.142979240712784e-006	1.234719e-002
2.150652231784212e-006	1.039900e-002
2.158325222855640e-006	8.433361e-003
2.165998213927069e-006	6.450260e-003
2.173671204998497e-006	4.449702e-003
2.181344196069925e-006	2.431685e-003
2.189017187141353e-006	3.962115e-004
2.196690178212781e-006	-1.640410e-003
2.204363169284210e-006	-3.661756e-003
2.212036160355638e-006	-5.667827e-003
2.219709151427066e-006	-7.658622e-003
2.227382142498494e-006	-9.634143e-003
2.235055133569923e-006	-1.159439e-002
2.242728124641351e-006	-1.353936e-002
2.255981472855636e-006	-1.685309e-002
2.269234821069922e-006	-1.999937e-002
2.282488169284207e-006	-2.297820e-002
2.295741517498492e-006	-2.578957e-002
2.308994865712777e-006	-2.843348e-002
2.322248213927062e-006	-3.090994e-002
2.335501562141347e-006	-3.321895e-002
2.348754910355632e-006	-3.527418e-002
2.362008258569918e-006	-3.705984e-002
2.375261606784203e-006	-3.857594e-002
2.388514954998488e-006	-3.982249e-002
2.401768303212773e-006	-4.079947e-002
2.415021651427058e-006	-4.150689e-002
2.428274999641343e-006	-4.194475e-002
2.439435713927057e-006	-4.206682e-002
2.450596428212771e-006	-4.198622e-002
2.461757142498485e-006	-4.170295e-002
2.472917856784199e-006	-4.121701e-002
2.484078571069913e-006	-4.052841e-002
2.495239285355626e-006	-3.963714e-002
2.506399999641340e-006	-3.854321e-002
2.518955803212768e-006	-3.706337e-002
2.531511606784196e-006	-3.538300e-002
2.544067410355624e-006	-3.350207e-002
2.556623213927053e-006	-3.142060e-002
2.569179017498481e-006	-2.913858e-002
2.581734821069909e-006	-2.665602e-002
2.594290624641337e-006	-2.397291e-002
2.602661160355622e-006	-2.210927e-002
2.611031696069908e-006	-2.019815e-002
2.619402231784193e-006	-1.823956e-002
2.627772767498478e-006	-1.623350e-002
2.636143303212763e-006	-1.417996e-002
2.644513838927049e-006	-1.207895e-002
2.652884374641334e-006	-9.930463e-003
2.659859821069906e-006	-8.121804e-003
2.666835267498477e-006	-6.306339e-003
2.673810713927048e-006	-4.484070e-003
2.680786160355619e-006	-2.654996e-003
2.687761606784190e-006	-8.191159e-004
2.694737053212761e-006	1.023569e-003
2.701712499641332e-006	2.873059e-003
2.711478124641332e-006	5.463302e-003
2.721243749641332e-006	8.009457e-003
2.731009374641331e-006	1.051153e-002
2.740774999641331e-006	1.296951e-002
2.750540624641330e-006	1.538340e-002
2.760306249641330e-006	1.775321e-002
2.770071874641330e-006	2.007892e-002
2.785417856784186e-006	2.360705e-002
2.800763838927043e-006	2.684836e-002
2.816109821069899e-006	2.980286e-002
2.831455803212755e-006	3.247053e-002
2.846801785355612e-006	3.485139e-002
2.862147767498469e-006	3.694543e-002
2.877493749641325e-006	3.875265e-002
2.889352008569896e-006	3.986446e-002
2.901210267498467e-006	4.074655e-002
2.913068526427038e-006	4.139891e-002
2.924926785355609e-006	4.182155e-002
2.936785044284180e-006	4.201446e-002
2.948643303212751e-006	4.197764e-002
2.960501562141322e-006	4.171109e-002
2.972359821069893e-006	4.119370e-002
2.984218079998464e-006	4.046137e-002
2.996076338927035e-006	3.951410e-002
3.007934597855605e-006	3.835190e-002
3.019792856784177e-006	3.697477e-002
3.031651115712748e-006	3.538270e-002
3.043509374641318e-006	3.357569e-002
3.054670088927032e-006	3.169377e-002
3.065830803212746e-006	2.968263e-002
3.076991517498460e-006	2.754227e-002
3.088152231784174e-006	2.527268e-002
3.099312946069888e-006	2.287386e-002
3.110473660355601e-006	2.034582e-002
3.121634374641315e-006	1.768856e-002
3.128609821069887e-006	1.599232e-002
3.135585267498457e-006	1.427373e-002
3.142560713927029e-006	1.253279e-002
3.149536160355600e-006	1.076951e-002
3.156511606784171e-006	8.983885e-003
3.163487053212742e-006	7.175915e-003
3.170462499641313e-006	5.345600e-003
3.178135490712741e-006	3.318156e-003
3.185808481784170e-006	1.294718e-003
3.193481472855598e-006	-7.247133e-004
3.201154463927026e-006	-2.740139e-003
3.208827454998454e-006	-4.751558e-003
3.216500446069883e-006	-6.758971e-003
3.224173437141311e-006	-8.762377e-003
3.235334151427025e-006	-1.165469e-002
3.246494865712739e-006	-1.445663e-002
3.257655579998452e-006	-1.716817e-002
3.268816294284166e-006	-1.978933e-002
3.279977008569880e-006	-2.232011e-002
3.291137722855594e-006	-2.476051e-002
3.302298437141308e-006	-2.711051e-002
3.316946874641307e-006	-2.999434e-002
3.331595312141307e-006	-3.257716e-002
3.346243749641306e-006	-3.485898e-002
3.360892187141305e-006	-3.683978e-002
3.375540624641305e-006	-3.851958e-002
3.390189062141304e-006	-3.989837e-002
3.404837499641304e-006	-4.097616e-002
3.417393303212732e-006	-4.158956e-002
3.429949106784160e-006	-4.194353e-002
3.442504910355588e-006	-4.203807e-002
3.455060713927016e-006	-4.187319e-002
3.467616517498444e-006	-4.144887e-002
3.480172321069872e-006	-4.076512e-002
3.492728124641300e-006	-3.982195e-002
3.504586383569871e-006	-3.868502e-002
3.516444642498442e-006	-3.735506e-002
3.528302901427013e-006	-3.583207e-002
3.540161160355584e-006	-3.411606e-002
3.552019419284155e-006	-3.220703e-002
3.563877678212726e-006	-3.010497e-002
3.575735937141297e-006	-2.780989e-002
3.585501562141296e-006	-2.580330e-002
3.595267187141296e-006	-2.372006e-002
3.605032812141296e-006	-2.156017e-002
3.614798437141295e-006	-1.932363e-002
3.624564062141295e-006	-1.701043e-002
3.634329687141294e-006	-1.462059e-002
3.644095312141294e-006	-1.215409e-002
3.651070758569865e-006	-1.037037e-002
3.658046204998436e-006	-8.575420e-003
3.665021651427008e-006	-6.769237e-003
3.671997097855578e-006	-4.951822e-003
3.678972544284150e-006	-3.123176e-003
3.685947990712721e-006	-1.283297e-003
3.692923437141292e-006	5.678141e-004
3.701293972855577e-006	2.791894e-003
3.709664508569863e-006	4.993221e-003
3.718035044284148e-006	7.171793e-003
3.726405579998433e-006	9.327611e-003
3.734776115712719e-006	1.146067e-002
3.743146651427004e-006	1.357098e-002
3.751517187141290e-006	1.565854e-002
3.764770535355575e-006	1.889804e-002
3.778023883569860e-006	2.195727e-002
3.791277231784145e-006	2.483621e-002
3.804530579998430e-006	2.753488e-002
3.817783928212716e-006	3.005327e-002
3.831037276427001e-006	3.239138e-002
3.844290624641286e-006	3.454922e-002
3.856846428212714e-006	3.634785e-002
3.869402231784142e-006	3.790075e-002
3.881958035355570e-006	3.920791e-002
3.894513838926998e-006	4.026933e-002
3.907069642498426e-006	4.108502e-002
3.919625446069854e-006	4.165497e-002
3.932181249641282e-006	4.197918e-002
3.943341963926996e-006	4.202916e-002
3.954502678212710e-006	4.187734e-002
3.965663392498424e-006	4.152371e-002
3.976824106784137e-006	4.096829e-002
3.987984821069851e-006	4.021107e-002
3.999145535355565e-006	3.925204e-002
4.010306249641279e-006	3.809122e-002
4.022862053212707e-006	3.653860e-002
4.035417856784135e-006	3.478951e-002
4.047973660355563e-006	3.284395e-002
4.060529463926991e-006	3.070191e-002
4.073085267498420e-006	2.836340e-002
4.085641071069847e-006	2.582842e-002
4.098196874641275e-006	2.309697e-002
4.106567410355561e-006	2.120448e-002
4.114937946069846e-006	1.926712e-002
4.123308481784131e-006	1.728487e-002
4.131679017498417e-006	1.525775e-002
4.140049553212703e-006	1.318575e-002
4.148420088926988e-006	1.106888e-002
4.156790624641273e-006	8.907120e-003
4.164463615712702e-006	6.905015e-003
4.172136606784129e-006	4.898549e-003
4.179809597855558e-006	2.887724e-003
4.187482588926986e-006	8.725374e-004
4.195155579998415e-006	-1.147009e-003
4.202828571069842e-006	-3.170916e-003
4.210501562141271e-006	-5.199184e-003
4.220964731784127e-006	-7.956803e-003
4.231427901426984e-006	-1.065174e-002
4.241891071069841e-006	-1.328400e-002
4.252354240712698e-006	-1.585358e-002
4.262817410355554e-006	-1.836048e-002
4.273280579998412e-006	-2.080470e-002
4.283743749641268e-006	-2.318624e-002
4.299089731784124e-006	-2.651445e-002
4.314435713926981e-006	-2.953467e-002
4.329781696069837e-006	-3.224688e-002
4.345127678212694e-006	-3.465111e-002
4.360473660355550e-006	-3.674734e-002
4.375819642498407e-006	-3.853557e-002
4.391165624641264e-006	-4.001581e-002
4.404418972855549e-006	-4.095293e-002
4.417672321069834e-006	-4.160093e-002
4.430925669284119e-006	-4.195980e-002
4.444179017498405e-006	-4.202955e-002
4.457432365712690e-006	-4.181017e-002
4.470685713926975e-006	-4.130166e-002
4.483939062141260e-006	-4.050403e-002
4.495099776426974e-006	-3.959838e-002
4.506260490712688e-006	-3.851401e-002
4.517421204998402e-006	-3.725092e-002
4.528581919284115e-006	-3.580912e-002
4.539742633569829e-006	-3.418859e-002
4.550903347855543e-006	-3.238935e-002
4.562064062141257e-006	-3.041140e-002
4.572527231784113e-006	-2.841433e-002
4.582990401426970e-006	-2.631841e-002
4.593453571069826e-006	-2.412364e-002
4.603916740712684e-006	-2.183002e-002
4.614379910355540e-006	-1.943754e-002
4.624843079998397e-006	-1.694620e-002
4.635306249641254e-006	-1.435601e-002
4.642979240712682e-006	-1.242359e-002
4.650652231784110e-006	-1.047374e-002
4.658325222855538e-006	-8.506475e-003
4.665998213926967e-006	-6.521787e-003
4.673671204998395e-006	-4.519678e-003
4.681344196069823e-006	-2.500147e-003
4.689017187141251e-006	-4.631954e-004
4.696690178212680e-006	1.574871e-003
4.704363169284108e-006	3.597633e-003
4.712036160355536e-006	5.605090e-003
4.719709151426965e-006	7.597243e-003
4.727382142498393e-006	9.574093e-003
4.735055133569821e-006	1.153564e-002
4.742728124641249e-006	1.348188e-002
4.755981472855534e-006	1.679774e-002
4.769234821069819e-006	1.994608e-002
4.782488169284104e-006	2.292690e-002
4.795741517498390e-006	2.574020e-002
4.808994865712675e-006	2.838597e-002
4.822248213926960e-006	3.086422e-002
4.835501562141245e-006	3.317495e-002
4.845964731784102e-006	3.481300e-002
4.856427901426959e-006	3.628682e-002
4.866891071069815e-006	3.759641e-002
4.877354240712673e-006	3.874176e-002
4.887817410355529e-006	3.972289e-002
4.898280579998386e-006	4.053978e-002
4.908743749641242e-006	4.119244e-002
4.913626562141242e-006	4.143082e-002
4.924787276426956e-006	4.182739e-002
4.935947990712670e-006	4.201898e-002
4.947108704998384e-006	4.200559e-002
4.958269419284097e-006	4.178722e-002
4.969430133569811e-006	4.136387e-002
4.980590847855525e-006	4.073553e-002
4.991751562141239e-006	3.990222e-002
4.996634374641239e-006	3.948025e-002
5.000000000000000e-006	3.917208e-002
