Step Information: K=500m  (Run: 4/7)
1.00000000000000e-001	9.91288047752600e-008,3.14784099536393e-004
1.12201845430196e-001	1.24795768881868e-007,3.53193560742083e-004
1.25892541179417e-001	1.57108560782616e-007,3.96289681710197e-004
1.41253754462275e-001	1.97787953323818e-007,4.44644320049321e-004
1.58489319246111e-001	2.49000270671297e-007,4.98899109983738e-004
1.77827941003892e-001	3.13472752577799e-007,5.59773976154818e-004
1.99526231496888e-001	3.94638789220371e-007,6.28076686167006e-004
2.23872113856834e-001	4.96820760757628e-007,7.04713568584691e-004
2.51188643150958e-001	6.25460218266462e-007,7.90701538530367e-004
2.81838293126445e-001	7.87407663693891e-007,8.87181590356320e-004
3.16227766016838e-001	9.91287360126636e-007,9.95433936287924e-004
3.54813389233575e-001	1.24795659900521e-006,1.11689499171934e-003
3.98107170553497e-001	1.57108388058867e-006,1.25317643226388e-003
4.46683592150963e-001	1.97787679575217e-006,1.40608657503588e-003
5.01187233627272e-001	2.48999836809190e-006,1.57765436731748e-003
5.62341325190348e-001	3.13472064953071e-006,1.77015630012987e-003
6.30957344480192e-001	3.94637699409362e-006,1.98614660271212e-003
7.07945784384137e-001	4.96819033525057e-006,2.22849111698280e-003
7.94328234724280e-001	6.25457480790270e-006,2.50040529923603e-003
8.91250938133744e-001	7.87403325092397e-006,2.80549685016469e-003
9.99999999999999e-001	9.91280483918408e-006,3.14781353441239e-003
1.12201845430196e+000	1.24794570097303e-005,3.53189681787255e-003
1.25892541179417e+000	1.57106660841842e-005,3.96284202554524e-003
1.41253754462275e+000	1.97784942130041e-005,4.44636580560501e-003
1.58489319246111e+000	2.48995498269580e-005,4.98888177708381e-003
1.77827941003892e+000	3.13465188868317e-005,5.59758533982211e-003
1.99526231496888e+000	3.94626801623547e-005,6.28054873654968e-003
2.23872113856834e+000	4.96801761846357e-005,7.04682757835296e-003
2.51188643150958e+000	6.25430107319271e-005,7.90658017621828e-003
2.81838293126445e+000	7.87359941653135e-005,8.87120116206806e-003
3.16227766016837e+000	9.91211726975194e-005,9.95347103108989e-003
3.54813389233575e+000	1.24783673090483e-004,1.11677233902173e-002
3.98107170553496e+000	1.57089390717389e-004,1.25300318504060e-002
4.46683592150962e+000	1.97757571760044e-004,1.40584186450498e-002
5.01187233627271e+000	2.48952121017311e-004,1.57730871815499e-002
5.62341325190348e+000	3.13396444268972e-004,1.76966808198190e-002
6.30957344480192e+000	3.94517856182574e-004,1.98545701940455e-002
7.07945784384136e+000	4.96629109734536e-004,2.22751713140415e-002
7.94328234724279e+000	6.25156501639207e-004,2.49902964446779e-002
8.91250938133743e+000	7.86926364673861e-004,2.80355392871228e-002
9.99999999999997e+000	9.90524671061763e-004,3.14506951612717e-002
1.12201845430196e+001	1.24674805460525e-003,3.52802155556937e-002
1.25892541179416e+001	1.56916893808282e-003,3.95736943458189e-002
1.41253754462275e+001	1.97484275622902e-003,4.43863798702656e-002
1.58489319246111e+001	2.48519161338076e-003,4.97797024651992e-002
1.77827941003892e+001	3.12710619229798e-003,5.58218003900548e-002
1.99526231496887e+001	3.93431633789767e-003,6.25880175205114e-002
2.23872113856833e+001	4.94909031789220e-003,7.01613326400853e-002
2.51188643150957e+001	6.22433286745609e-003,7.86326611786727e-002
2.81838293126444e+001	7.82616182984000e-003,8.81009439458925e-002
3.16227766016837e+001	9.83705079559219e-003,9.86729014338078e-002
3.54813389233574e+001	1.23596276677182e-002,1.10462283805056e-001
3.98107170553496e+001	1.55212116997887e-002,1.23588382640452e-001
4.46683592150961e+001	1.94791466567575e-002,1.38173487982113e-001
5.01187233627270e+001	2.44269338253428e-002,1.54338871461346e-001
5.62341325190347e+001	3.06010689959201e-002,1.72198754765190e-001
6.30957344480191e+001	3.82883194240244e-002,1.91851590303643e-001
7.07945784384135e+001	4.78329111908251e-002,2.13367857588277e-001
7.94328234724278e+001	5.96427019371174e-002,2.36773504417969e-001
8.91250938133742e+001	7.41928611037278e-002,2.62028206782139e-001
9.99999999999995e+001	9.20248648897010e-002,2.88997896695546e-001
1.12201845430196e+002	1.13737787005920e-001,3.17421669607163e-001
1.25892541179416e+002	1.39968085387369e-001,3.46874419577507e-001
1.41253754462275e+002	1.71353671890202e-001,3.76728522178438e-001
1.58489319246111e+002	2.08478537833713e-001,4.06120603713049e-001
1.77827941003891e+002	2.51796293241755e-001,4.33932561756531e-001
1.99526231496887e+002	3.01535311330882e-001,4.58798613831491e-001
2.23872113856833e+002	3.57594870204543e-001,4.79150638836597e-001
2.51188643150957e+002	4.19449660319591e-001,4.93310451365512e-001
2.81838293126444e+002	4.86086486871076e-001,4.99628528637500e-001
3.16227766016836e+002	5.55997841979584e-001,4.96654847674042e-001
3.54813389233574e+002	6.27248709611714e-001,4.83312959790994e-001
3.98107170553495e+002	6.97615394340187e-001,4.59039970736922e-001
4.46683592150961e+002	7.64773595653390e-001,4.23858839572214e-001
5.01187233627270e+002	8.26496580160256e-001,3.78366452734497e-001
5.62341325190346e+002	8.80821271889164e-001,3.23645247246254e-001
6.30957344480190e+002	9.26152183480864e-001,2.61127373021517e-001
7.07945784384134e+002	9.61294563794635e-001,1.92449847203250e-001
7.94328234724277e+002	9.85429429039024e-001,1.19334643441020e-001
8.91250938133740e+002	9.98056665662369e-001,4.35133900521834e-002
9.99999999999994e+002	9.98935581212929e-001,-3.33007979988819e-002
1.12201845430196e+003	9.88046930726340e-001,-1.09406293596952e-001
1.25892541179416e+003	9.65590021529484e-001,-1.83091818800307e-001
1.41253754462275e+003	9.32015947805291e-001,-2.52625600915612e-001
1.58489319246110e+003	8.88085306424543e-001,-3.16276853197144e-001
1.77827941003891e+003	8.34927783389736e-001,-3.72383423619643e-001
1.99526231496887e+003	7.74074559563121e-001,-4.19465741193048e-001
2.23872113856832e+003	7.07436063883117e-001,-4.56370139762074e-001
2.51188643150956e+003	6.37209481370792e-001,-4.82409383536170e-001
2.81838293126443e+003	5.65720890411697e-001,-4.97461667129178e-001
3.16227766016836e+003	4.95229055006938e-001,-5.01996496015301e-001
3.54813389233573e+003	4.27732145113945e-001,-4.97015645701203e-001
3.98107170553494e+003	3.64818212983624e-001,-4.83922019473475e-001
4.46683592150960e+003	3.07585599072175e-001,-4.64348110924639e-001
5.01187233627269e+003	2.56637990251804e-001,-4.39981844338090e-001
5.62341325190345e+003	2.12140062154079e-001,-4.12420761851742e-001
6.30957344480189e+003	1.73909644767165e-001,-3.83071457294947e-001
7.07945784384133e+003	1.41521872818786e-001,-3.53096770824481e-001
7.94328234724276e+003	1.14406631244650e-001,-3.23403195970100e-001
8.91250938133739e+003	9.19285933859358e-002,-2.94656465385051e-001
9.99999999999992e+003	7.34461970150162e-002,-2.67313227439161e-001
1.12201845430195e+004	5.83506558857423e-002,-2.41659121455382e-001
1.25892541179416e+004	4.60885292300860e-002,-2.17846691314736e-001
1.41253754462274e+004	3.61720724105758e-002,-1.95929406920263e-001
1.58489319246110e+004	2.81812840406837e-002,-1.75890169387510e-001
1.77827941003891e+004	2.17608151452964e-002,-1.57664028272832e-001
1.99526231496886e+004	1.66140705632970e-002,-1.41155585125041e-001
2.23872113856832e+004	1.24960919246118e-002,-1.26251885749534e-001
2.51188643150956e+004	9.20622973496328e-003,-1.12831677721511e-001
2.81838293126443e+004	6.58119115123777e-003,-1.00771848952608e-001
3.16227766016835e+004	4.48876451651320e-003,-8.99517440923485e-002
3.54813389233572e+004	2.82233920552708e-003,-8.02559225002720e-002
3.98107170553494e+004	1.49622990541577e-003,-7.15757970896979e-002
4.46683592150959e+004	4.41754169804027e-004,-6.38104870130791e-002
5.01187233627268e+004	-3.96016729941827e-004,-5.68671311548639e-002
5.62341325190344e+004	-1.06092328040482e-003,-5.06608423603508e-002
6.30957344480187e+004	-1.58788783087000e-003,-4.51144314519218e-002
7.07945784384131e+004	-2.00467058492736e-003,-4.01579922543496e-002
7.94328234724274e+004	-2.33328319970955e-003,-3.57284111912950e-002
8.91250938133737e+004	-2.59112158483703e-003,-3.17688450926242e-002
9.99999999999990e+004	-2.79186982970227e-003,-2.82281967140201e-002
1.12201845430195e+005	-2.94621853126772e-003,-2.50606075993587e-002
1.25892541179415e+005	-3.06243338812905e-003,-2.22249811546746e-002
1.41253754462274e+005	-3.14680385303431e-003,-1.96845442678550e-002
1.58489319246110e+005	-3.20399690156893e-003,-1.74064528110661e-002
1.77827941003891e+005	-3.23733755098149e-003,-1.53614443286458e-002
1.99526231496886e+005	-3.24903559183217e-003,-1.35235396088942e-002
2.23872113856832e+005	-3.24037695131039e-003,-1.18697931106368e-002
2.51188643150955e+005	-3.21189791290902e-003,-1.03800897569182e-002
2.81838293126442e+005	-3.16356050416874e-003,-9.03698178714290e-003
3.16227766016835e+005	-3.09494670840368e-003,-7.82555367573099e-003
3.54813389233572e+005	-3.00548617436932e-003,-6.73329556187303e-003
3.98107170553493e+005	-2.89472479146934e-003,-5.74995721714313e-003
4.46683592150958e+005	-2.76262811967725e-003,-4.86734799648599e-003
5.01187233627267e+005	-2.60989410432384e-003,-4.07904803457135e-003
5.62341325190343e+005	-2.43822716250263e-003,-3.38000758586176e-003
6.30957344480186e+005	-2.25050870057373e-003,-2.76603825507767e-003
7.07945784384130e+005	-2.05079877451145e-003,-2.23323903550818e-003
7.94328234724273e+005	-1.84412906025609e-003,-1.77743947970540e-003
8.91250938133736e+005	-1.63609751259525e-003,-1.39376317196858e-003
9.99999999999989e+005	-1.43233425439354e-003,-1.07640102327630e-003
1.12201845430195e+006	-1.23795082803925e-003,-8.18634620957447e-004
1.25892541179415e+006	-1.05708999166749e-003,-6.13083068074222e-004
1.41253754462274e+006	-8.92658107219438e-004,-4.52090919079329e-004
1.58489319246110e+006	-7.46264337792683e-004,-3.28151888584310e-004
1.77827941003890e+006	-6.18336266650932e-004,-2.34276554490727e-004
1.99526231496886e+006	-5.08349199681004e-004,-1.64248950387692e-004
2.23872113856831e+006	-4.15100774226791e-004,-1.12757539830227e-004
2.51188643150955e+006	-3.36976161774997e-004,-7.54163786377099e-005
2.81838293126442e+006	-2.72170619856645e-004,-4.87073269714387e-005
3.16227766016834e+006	-2.18856230081013e-004,-2.98762562767674e-005
3.54813389233571e+006	-1.75293837074811e-004,-1.68105906642982e-005
3.98107170553492e+006	-1.39898873609738e-004,-7.91717165866055e-006
4.46683592150958e+006	-1.11272379301677e-004,-2.01152004769508e-006
5.01187233627266e+006	-8.82080601870588e-005,1.77649762441278e-006
5.62341325190342e+006	-6.96843354788696e-005,4.07957751169244e-006
6.30957344480185e+006	-5.48480469369560e-005,5.35369576248447e-006
7.07945784384129e+006	-4.29944306665762e-005,5.92489977034474e-006
7.94328234724271e+006	-3.35462916193079e-005,6.02471023751697e-006
8.91250938133734e+006	-2.60341051719642e-005,5.81652856878940e-006
1.00000000000000e+007	-2.00779379351267e-005,5.41511400127252e-006