Step Information: K=800m  (Run: 7/7)
1.00000000000000e-001	1.58606087640416e-007,5.03654559258228e-004
1.12201845430196e-001	1.99673230210989e-007,5.65109697187332e-004
1.25892541179417e-001	2.51373697252186e-007,6.34063490736316e-004
1.41253754462275e-001	3.16460725318108e-007,7.11430912078914e-004
1.58489319246111e-001	3.98400433074075e-007,7.98238575973980e-004
1.77827941003892e-001	5.01556404124479e-007,8.95638361847709e-004
1.99526231496888e-001	6.31422062752593e-007,1.00492269786721e-003
2.23872113856834e-001	7.94913217212204e-007,1.12754170973551e-003
2.51188643150958e-001	1.00073634922634e-006,1.26512246164859e-003
2.81838293126445e-001	1.25985226191023e-006,1.41949054457011e-003
3.16227766016838e-001	1.58605977620262e-006,1.59269429806068e-003
3.54813389233575e-001	1.99673055840833e-006,1.78703198675094e-003
3.98107170553497e-001	2.51373420894188e-006,2.00508229162221e-003
4.46683592150963e-001	3.16460287320348e-006,2.24973852005741e-003
5.01187233627272e-001	3.98399738894704e-006,2.52424698770798e-003
5.62341325190348e-001	5.01555303924914e-006,2.83225008020780e-003
6.30957344480192e-001	6.31420319054979e-006,3.17783456433939e-003
7.07945784384137e-001	7.94910453640092e-006,3.56558578717248e-003
7.94328234724280e-001	1.00073196926443e-005,4.00064847877765e-003
8.91250938133744e-001	1.25984532014784e-005,4.48879496026351e-003
9.99999999999999e-001	1.58604877426945e-005,5.03650165505982e-003
1.12201845430196e+000	1.99671312155685e-005,5.65103490859608e-003
1.25892541179417e+000	2.51370657346947e-005,6.34054724087238e-003
1.41253754462275e+000	3.16455907408066e-005,7.11418528896802e-003
1.58489319246111e+000	3.98392797231328e-005,7.98221084333410e-003
1.77827941003892e+000	5.01544302189308e-005,8.95613654371538e-003
1.99526231496888e+000	6.31402882597675e-005,1.00488779784795e-002
2.23872113856834e+000	7.94882818954171e-005,1.12749241253647e-002
2.51188643150958e+000	1.00068817171083e-004,1.26505282819493e-002
2.81838293126445e+000	1.25977590664502e-004,1.41939218593089e-002
3.16227766016837e+000	1.58593876316031e-004,1.59255536497438e-002
3.54813389233575e+000	1.99653876944772e-004,1.78683574243477e-002
3.98107170553496e+000	2.51343025147822e-004,2.00480509606496e-002
4.46683592150962e+000	3.16412114816071e-004,2.24934698320797e-002
5.01187233627271e+000	3.98323393627698e-004,2.52369394904798e-002
5.62341325190348e+000	5.01434310830354e-004,2.83146893117104e-002
6.30957344480192e+000	6.31228569892118e-004,3.17673123104728e-002
7.07945784384136e+000	7.94606575575258e-004,3.56402741024664e-002
7.94328234724279e+000	1.00025040262273e-003,3.99844743114846e-002
8.91250938133743e+000	1.25908218347818e-003,4.48568628593964e-002
9.99999999999997e+000	1.58483947369882e-003,5.03211122580348e-002
1.12201845430196e+001	1.99479688736840e-003,5.64483448891099e-002
1.25892541179416e+001	2.51067030093252e-003,6.33179109533103e-002
1.41253754462275e+001	3.15974840996643e-003,7.10182077924250e-002
1.58489319246111e+001	3.97630658140922e-003,7.96475239443188e-002
1.77827941003892e+001	5.00336990767677e-003,8.93148806240877e-002
1.99526231496887e+001	6.29490614063628e-003,1.00140828032818e-001
2.23872113856833e+001	7.91854450862752e-003,1.12258132224136e-001
2.51188643150957e+001	9.95893258792975e-003,1.25812257885876e-001
2.81838293126444e+001	1.25218589277440e-002,1.40961510313428e-001
3.16227766016837e+001	1.57392812729475e-002,1.57876642294093e-001
3.54813389233574e+001	1.97754042683491e-002,1.76739654088090e-001
3.98107170553496e+001	2.48339387196619e-002,1.97741412224724e-001
4.46683592150961e+001	3.11666346508120e-002,2.21077580771380e-001
5.01187233627270e+001	3.90830941205485e-002,2.46942194338153e-001
5.62341325190347e+001	4.89617103934721e-002,2.75518007624304e-001
6.30957344480191e+001	6.12613110784390e-002,3.06962544485829e-001
7.07945784384135e+001	7.65326579053202e-002,3.41388572141242e-001
7.94328234724278e+001	9.54283230993878e-002,3.78837607068750e-001
8.91250938133742e+001	1.18708577765965e-001,4.19245130851422e-001
9.99999999999995e+001	1.47239783823522e-001,4.62396634712873e-001
1.12201845430196e+002	1.81980459209472e-001,5.07874671371460e-001
1.25892541179416e+002	2.23948936619791e-001,5.54999071324011e-001
1.41253754462275e+002	2.74165875024323e-001,6.02765635485501e-001
1.58489319246111e+002	3.33565660533940e-001,6.49792965940878e-001
1.77827941003891e+002	4.02874069186807e-001,6.94292098810450e-001
1.99526231496887e+002	4.82456498129411e-001,7.34077782130386e-001
2.23872113856833e+002	5.72151792327269e-001,7.66641022138555e-001
2.51188643150957e+002	6.71119456511346e-001,7.89296722184820e-001
2.81838293126444e+002	7.77738378993722e-001,7.99405645820000e-001
3.16227766016836e+002	8.89596547167334e-001,7.94647756278468e-001
3.54813389233574e+002	1.00359793537874e+000,7.73300735665590e-001
3.98107170553495e+002	1.11618463094430e+000,7.34463953179075e-001
4.46683592150961e+002	1.22363775304542e+000,6.78174143315542e-001
5.01187233627270e+002	1.32239452825641e+000,6.05386324375195e-001
5.62341325190346e+002	1.40931403502266e+000,5.17832395594007e-001
6.30957344480190e+002	1.48184349356938e+000,4.17803796834428e-001
7.07945784384134e+002	1.53807130207142e+000,3.07919755525201e-001
7.94328234724277e+002	1.57668708646244e+000,1.90935429505632e-001
8.91250938133740e+002	1.59689066505979e+000,6.96214240834932e-002
9.99999999999994e+002	1.59829692994069e+000,-5.32812767982111e-002
1.12201845430196e+003	1.58087508916214e+000,-1.75050069755123e-001
1.25892541179416e+003	1.54494403444717e+000,-2.92946910080491e-001
1.41253754462275e+003	1.49122551648847e+000,-4.04200961464979e-001
1.58489319246110e+003	1.42093649027927e+000,-5.06042965115430e-001
1.77827941003891e+003	1.33588445342358e+000,-5.95813477791429e-001
1.99526231496887e+003	1.23851929530099e+000,-6.71145185908877e-001
2.23872113856832e+003	1.13189770221299e+000,-7.30192223619318e-001
2.51188643150956e+003	1.01953517019327e+000,-7.71855013657872e-001
2.81838293126443e+003	9.05153424658715e-001,-7.95938667406685e-001
3.16227766016836e+003	7.92366488011101e-001,-8.03194393624482e-001
3.54813389233573e+003	6.84371432182312e-001,-7.95225033121926e-001
3.98107170553494e+003	5.83709140773799e-001,-7.74275231157560e-001
4.46683592150960e+003	4.92136958515481e-001,-7.42956977479422e-001
5.01187233627269e+003	4.10620784402886e-001,-7.03970950940944e-001
5.62341325190345e+003	3.39424099446526e-001,-6.59873218962788e-001
6.30957344480189e+003	2.78255431627463e-001,-6.12914331671916e-001
7.07945784384133e+003	2.26434996510057e-001,-5.64954833319170e-001
7.94328234724276e+003	1.83050609991440e-001,-5.17445113552160e-001
8.91250938133739e+003	1.47085749417497e-001,-4.71450344616082e-001
9.99999999999992e+003	1.17513915224026e-001,-4.27701163902658e-001
1.12201845430195e+004	9.33610494171876e-002,-3.86654594328612e-001
1.25892541179416e+004	7.37416467681376e-002,-3.48554706103577e-001
1.41253754462274e+004	5.78753158569213e-002,-3.13487051072422e-001
1.58489319246110e+004	4.50900544650940e-002,-2.81424271020017e-001
1.77827941003891e+004	3.48173042324742e-002,-2.52262445236532e-001
1.99526231496886e+004	2.65825129012751e-002,-2.25848936200065e-001
2.23872113856832e+004	1.99937470793789e-002,-2.02003017199255e-001
2.51188643150956e+004	1.47299675759413e-002,-1.80530684354417e-001
2.81838293126443e+004	1.05299058419804e-002,-1.61234958324172e-001
3.16227766016835e+004	7.18202322642111e-003,-1.43922790547758e-001
3.54813389233572e+004	4.51574272884334e-003,-1.28409476000435e-001
3.98107170553494e+004	2.39396784866522e-003,-1.14521275343517e-001
4.46683592150959e+004	7.06806671686443e-004,-1.02096779220927e-001
5.01187233627268e+004	-6.33626767906923e-004,-9.09874098477822e-002
5.62341325190344e+004	-1.69747724864772e-003,-8.10573477765613e-002
6.30957344480187e+004	-2.54062052939201e-003,-7.21830903230749e-002
7.07945784384131e+004	-3.20747293588378e-003,-6.42527876069593e-002
7.94328234724274e+004	-3.73325311953528e-003,-5.71654579060720e-002
8.91250938133737e+004	-4.14579453573924e-003,-5.08301521481987e-002
9.99999999999990e+004	-4.46699172752363e-003,-4.51651147424321e-002
1.12201845430195e+005	-4.71394965002835e-003,-4.00969721589739e-002
1.25892541179415e+005	-4.89989342100648e-003,-3.55599698474793e-002
1.41253754462274e+005	-5.03488616485490e-003,-3.14952708285681e-002
1.58489319246110e+005	-5.12639504251029e-003,-2.78503244977058e-002
1.77827941003891e+005	-5.17974008157038e-003,-2.45783109258333e-002
1.99526231496886e+005	-5.19845694693147e-003,-2.16376633742307e-002
2.23872113856832e+005	-5.18460312209662e-003,-1.89916689770188e-002
2.51188643150955e+005	-5.13903666065444e-003,-1.66081436110691e-002
2.81838293126442e+005	-5.06169680666998e-003,-1.44591708594286e-002
3.16227766016835e+005	-4.95191473344589e-003,-1.25208858811696e-002
3.54813389233572e+005	-4.80877787899092e-003,-1.07732728989969e-002
3.98107170553493e+005	-4.63155966635094e-003,-9.19993154742901e-003
4.46683592150958e+005	-4.42020499148360e-003,-7.78775679437758e-003
5.01187233627267e+005	-4.17583056691814e-003,-6.52647685531417e-003
5.62341325190343e+005	-3.90116346000420e-003,-5.40801213737881e-003
6.30957344480186e+005	-3.60081392091797e-003,-4.42566120812427e-003
7.07945784384130e+005	-3.28127803921832e-003,-3.57318245681309e-003
7.94328234724273e+005	-2.95060649640975e-003,-2.84390316752863e-003
8.91250938133736e+005	-2.61775602015240e-003,-2.23002107514973e-003
9.99999999999989e+005	-2.29173480702966e-003,-1.72224163724208e-003
1.12201845430195e+006	-1.98072132486280e-003,-1.30981539353192e-003
1.25892541179415e+006	-1.69134398666798e-003,-9.80932908918755e-004
1.41253754462274e+006	-1.42825297155110e-003,-7.23345470526927e-004
1.58489319246110e+006	-1.19402294046829e-003,-5.25043021734896e-004
1.77827941003890e+006	-9.89338026641492e-004,-3.74842487185163e-004
1.99526231496886e+006	-8.13358719489607e-004,-2.62798320620307e-004
2.23872113856831e+006	-6.64161238762866e-004,-1.80412063728363e-004
2.51188643150955e+006	-5.39161858839995e-004,-1.20666205820336e-004
2.81838293126442e+006	-4.35472991770632e-004,-7.79317231543019e-005
3.16227766016834e+006	-3.50169968129621e-004,-4.78020100428278e-005
3.54813389233571e+006	-2.80470139319697e-004,-2.68969450628771e-005
3.98107170553492e+006	-2.23838197775581e-004,-1.26674746538569e-005
4.46683592150958e+006	-1.78035806882684e-004,-3.21843207631213e-006
5.01187233627266e+006	-1.41132896299294e-004,2.84239619906044e-006
5.62341325190342e+006	-1.11494936766191e-004,6.52732401870790e-006
6.30957344480185e+006	-8.77568750991296e-005,8.56591321997515e-006
7.07945784384129e+006	-6.87910890665218e-005,9.47983963255159e-006
7.94328234724271e+006	-5.36740665908926e-005,9.63953638002715e-006
8.91250938133734e+006	-4.16545682751428e-005,9.30644571006304e-006
1.00000000000000e+007	-3.21247006962028e-005,8.66418240203603e-006