Step Information: K=300m  (Run: 2/7)
1.00000000000000e-001	5.94772828651560e-008,1.88870459721836e-004
1.12201845430196e-001	7.48774613291210e-008,2.11916136445250e-004
1.25892541179417e-001	9.42651364695696e-008,2.37773809026118e-004
1.41253754462275e-001	1.18672771994291e-007,2.66786592029593e-004
1.58489319246111e-001	1.49400162402778e-007,2.99339465990243e-004
1.77827941003892e-001	1.88083651546680e-007,3.35864385692891e-004
1.99526231496888e-001	2.36783273532222e-007,3.76846011700204e-004
2.23872113856834e-001	2.98092456454577e-007,4.22828141150815e-004
2.51188643150958e-001	3.75276130959878e-007,4.74420923118221e-004
2.81838293126445e-001	4.72444598216335e-007,5.32308954213792e-004
3.16227766016838e-001	5.94772416075982e-007,5.97260361772755e-004
3.54813389233575e-001	7.48773959403125e-007,6.70136995031603e-004
3.98107170553497e-001	9.42650328353204e-007,7.51905859358328e-004
4.46683592150963e-001	1.18672607745130e-006,8.43651945021530e-004
5.01187233627272e-001	1.49399902085514e-006,9.46592620390491e-004
5.62341325190348e-001	1.88083238971843e-006,1.06209378007792e-003
6.30957344480192e-001	2.36782619645617e-006,1.19168796162727e-003
7.07945784384137e-001	2.98091420115035e-006,1.33709467018968e-003
7.94328234724280e-001	3.75274488474162e-006,1.50024317954162e-003
8.91250938133744e-001	4.72441995055438e-006,1.68329811009882e-003
9.99999999999999e-001	5.94768290351045e-006,1.88868812064743e-003
1.12201845430196e+000	7.48767420583819e-006,2.11913809072353e-003
1.25892541179417e+000	9.42639965051053e-006,2.37770521532714e-003
1.41253754462275e+000	1.18670965278025e-005,2.66781948336301e-003
1.58489319246111e+000	1.49397298961748e-005,2.99332906625029e-003
1.77827941003892e+000	1.88079113320991e-005,3.35855120389327e-003
1.99526231496888e+000	2.36776080974128e-005,3.76832924192981e-003
2.23872113856834e+000	2.98081057107814e-005,4.22809654701178e-003
2.51188643150958e+000	3.75258064391563e-005,4.74394810573097e-003
2.81838293126445e+000	4.72415964991882e-005,5.32272069724084e-003
3.16227766016837e+000	5.94727036185117e-005,5.97208261865394e-003
3.54813389233575e+000	7.48702038542896e-005,6.70063403413039e-003
3.98107170553496e+000	9.42536344304333e-005,7.51801911024361e-003
4.46683592150962e+000	1.18654543056027e-004,8.43505118702988e-003
5.01187233627271e+000	1.49371272610387e-004,9.46385230892994e-003
5.62341325190348e+000	1.88037866561383e-004,1.06180084918914e-002
6.30957344480192e+000	2.36710713709544e-004,1.19127421164273e-002
7.07945784384136e+000	2.97977465840722e-004,1.33651027884249e-002
7.94328234724279e+000	3.75093900983524e-004,1.49941778668067e-002
8.91250938133743e+000	4.72155818804317e-004,1.68213235722737e-002
9.99999999999997e+000	5.94314802637058e-004,1.88704170967631e-002
1.12201845430196e+001	7.48048832763149e-004,2.11681293334162e-002
1.25892541179416e+001	9.41501362849694e-004,2.37442166074914e-002
1.41253754462275e+001	1.18490565373741e-003,2.66318279221594e-002
1.58489319246111e+001	1.49111496802846e-003,2.98678214791195e-002
1.77827941003892e+001	1.87626371537879e-003,3.34930802340329e-002
1.99526231496887e+001	2.36058980273861e-003,3.75528105123069e-002
2.23872113856833e+001	2.96945419073532e-003,4.20967995840512e-002
2.51188643150957e+001	3.73459972047366e-003,4.71795967072036e-002
2.81838293126444e+001	4.69569709790400e-003,5.28605663675355e-002
3.16227766016837e+001	5.90223047735532e-003,5.92037408602847e-002
3.54813389233574e+001	7.41577660063091e-003,6.62773702830339e-002
3.98107170553496e+001	9.31272701987320e-003,7.41530295842714e-002
4.46683592150961e+001	1.16874879940545e-002,8.29040927892676e-002
5.01187233627270e+001	1.46561602952057e-002,9.26033228768074e-002
5.62341325190347e+001	1.83606413975521e-002,1.03319252859114e-001
6.30957344480191e+001	2.29729916544146e-002,1.15110954182186e-001
7.07945784384135e+001	2.86997467144951e-002,1.28020714552966e-001
7.94328234724278e+001	3.57856211622704e-002,1.42064102650781e-001
8.91250938133742e+001	4.45157166622367e-002,1.57216924069283e-001
9.99999999999995e+001	5.52149189338206e-002,1.73398738017327e-001
1.12201845430196e+002	6.82426722035518e-002,1.90453001764298e-001
1.25892541179416e+002	8.39808512324216e-002,2.08124651746504e-001
1.41253754462275e+002	1.02812203134121e-001,2.26037113307063e-001
1.58489319246111e+002	1.25087122700228e-001,2.43672362227829e-001
1.77827941003891e+002	1.51077775945053e-001,2.60359537053919e-001
1.99526231496887e+002	1.80921186798529e-001,2.75279168298895e-001
2.23872113856833e+002	2.14556922122726e-001,2.87490383301958e-001
2.51188643150957e+002	2.51669796191755e-001,2.95986270819307e-001
2.81838293126444e+002	2.91651892122646e-001,2.99777117182500e-001
3.16227766016836e+002	3.33598705187750e-001,2.97992908604425e-001
3.54813389233574e+002	3.76349225767028e-001,2.89987775874596e-001
3.98107170553495e+002	4.18569236604113e-001,2.75423982442153e-001
4.46683592150961e+002	4.58864157392034e-001,2.54315303743328e-001
5.01187233627270e+002	4.95897948096154e-001,2.27019871640698e-001
5.62341325190346e+002	5.28492763133498e-001,1.94187148347752e-001
6.30957344480190e+002	5.55691310088518e-001,1.56676423812910e-001
7.07945784384134e+002	5.76776738276781e-001,1.15469908321950e-001
7.94328234724277e+002	5.91257657423414e-001,7.16007860646121e-002
8.91250938133740e+002	5.98833999397422e-001,2.61080340313099e-002
9.99999999999994e+002	5.99361348727757e-001,-1.99804787993292e-002
1.12201845430196e+003	5.92828158435804e-001,-6.56437761581711e-002
1.25892541179416e+003	5.79354012917690e-001,-1.09855091280184e-001
1.41253754462275e+003	5.59209568683175e-001,-1.51575360549367e-001
1.58489319246110e+003	5.32851183854726e-001,-1.89766111918286e-001
1.77827941003891e+003	5.00956670033842e-001,-2.23430054171786e-001
1.99526231496887e+003	4.64444735737872e-001,-2.51679444715829e-001
2.23872113856832e+003	4.24461638329871e-001,-2.73822083857244e-001
2.51188643150956e+003	3.82325688822475e-001,-2.89445630121702e-001
2.81838293126443e+003	3.39432534247018e-001,-2.98477000277507e-001
3.16227766016836e+003	2.97137433004163e-001,-3.01197897609181e-001
3.54813389233573e+003	2.56639287068367e-001,-2.98209387420722e-001
3.98107170553494e+003	2.18890927790174e-001,-2.90353211684085e-001
4.46683592150960e+003	1.84551359443305e-001,-2.78608866554783e-001
5.01187233627269e+003	1.53982794151082e-001,-2.63989106602854e-001
5.62341325190345e+003	1.27284037292447e-001,-2.47452457111045e-001
6.30957344480189e+003	1.04345786860299e-001,-2.29842874376968e-001
7.07945784384133e+003	8.49131236912713e-002,-2.11858062494689e-001
7.94328234724276e+003	6.86439787467899e-002,-1.94041917582060e-001
8.91250938133739e+003	5.51571560315614e-002,-1.76793879231031e-001
9.99999999999992e+003	4.40677182090097e-002,-1.60387936463497e-001
1.12201845430195e+004	3.50103935314454e-002,-1.44995472873229e-001
1.25892541179416e+004	2.76531175380516e-002,-1.30708014788842e-001
1.41253754462274e+004	2.17032434463455e-002,-1.17557644152158e-001
1.58489319246110e+004	1.69087704244102e-002,-1.05534101632506e-001
1.77827941003891e+004	1.30564890871778e-002,-9.45984169636993e-002
1.99526231496886e+004	9.96844233797817e-003,-8.46933510750245e-002
2.23872113856832e+004	7.49765515476709e-003,-7.57511314497204e-002
2.51188643150956e+004	5.52373784097797e-003,-6.76990066329064e-002
2.81838293126443e+004	3.94871469074266e-003,-6.04631093715647e-002
3.16227766016835e+004	2.69325870990792e-003,-5.39710464554091e-002
3.54813389233572e+004	1.69340352331625e-003,-4.81535535001632e-002
3.98107170553494e+004	8.97737943249459e-004,-4.29454782538188e-002
4.46683592150959e+004	2.65052501882416e-004,-3.82862922078475e-002
5.01187233627268e+004	-2.37610037965096e-004,-3.41202786929183e-002
5.62341325190344e+004	-6.36553968242894e-004,-3.03965054162105e-002
6.30957344480187e+004	-9.52732698522002e-004,-2.70686588711531e-002
7.07945784384131e+004	-1.20280235095642e-003,-2.40947953526097e-002
7.94328234724274e+004	-1.39996991982573e-003,-2.14370467147770e-002
8.91250938133737e+004	-1.55467295090222e-003,-1.90613070555745e-002
9.99999999999990e+004	-1.67512189782136e-003,-1.69369180284120e-002
1.12201845430195e+005	-1.76773111876063e-003,-1.50363645596152e-002
1.25892541179415e+005	-1.83746003287743e-003,-1.33349886928048e-002
1.41253754462274e+005	-1.88808231182059e-003,-1.18107265607130e-002
1.58489319246110e+005	-1.92239814094136e-003,-1.04438716866397e-002
1.77827941003891e+005	-1.94240253058889e-003,-9.21686659718747e-003
1.99526231496886e+005	-1.94942135509930e-003,-8.11412376533651e-003
2.23872113856832e+005	-1.94422617078623e-003,-7.12187586638207e-003
2.51188643150955e+005	-1.92713874774541e-003,-6.22805385415090e-003
2.81838293126442e+005	-1.89813630250124e-003,-5.42218907228574e-003
3.16227766016835e+005	-1.85696802504221e-003,-4.69533220543859e-003
3.54813389233572e+005	-1.80329170462160e-003,-4.03997733712382e-003
3.98107170553493e+005	-1.73683487488160e-003,-3.44997433028588e-003
4.46683592150958e+005	-1.65757687180635e-003,-2.92040879789159e-003
5.01187233627267e+005	-1.56593646259430e-003,-2.44742882074281e-003
5.62341325190343e+005	-1.46293629750158e-003,-2.02800455151706e-003
6.30957344480186e+005	-1.35030522034424e-003,-1.65962295304660e-003
7.07945784384130e+005	-1.23047926470687e-003,-1.33994342130491e-003
7.94328234724273e+005	-1.10647743615366e-003,-1.06646368782324e-003
8.91250938133736e+005	-9.81658507557150e-004,-8.36257903181149e-004
9.99999999999989e+005	-8.59400552636123e-004,-6.45840613965779e-004
1.12201845430195e+006	-7.42770496823551e-004,-4.91180772574468e-004
1.25892541179415e+006	-6.34253995000493e-004,-3.67849840844533e-004
1.41253754462274e+006	-5.35594864331663e-004,-2.71254551447598e-004
1.58489319246110e+006	-4.47758602675610e-004,-1.96891133150586e-004
1.77827941003890e+006	-3.71001759990559e-004,-1.40565932694436e-004
1.99526231496886e+006	-3.05009519808603e-004,-9.85493702326149e-005
2.23872113856831e+006	-2.49060464536075e-004,-6.76545238981362e-005
2.51188643150955e+006	-2.02185697064998e-004,-4.52498271826260e-005
2.81838293126442e+006	-1.63302371913987e-004,-2.92243961828632e-005
3.16227766016834e+006	-1.31313738048608e-004,-1.79257537660604e-005
3.54813389233571e+006	-1.05176302244886e-004,-1.00863543985789e-005
3.98107170553492e+006	-8.39393241658429e-005,-4.75030299519633e-006
4.46683592150958e+006	-6.67634275810063e-005,-1.20691202861705e-006
5.01187233627266e+006	-5.29248361122353e-005,1.06589857464767e-006
5.62341325190342e+006	-4.18106012873217e-005,2.44774650701546e-006
6.30957344480185e+006	-3.29088281621736e-005,3.21221745749068e-006
7.07945784384129e+006	-2.57966583999457e-005,3.55493986220685e-006
7.94328234724271e+006	-2.01277749715847e-005,3.61482614251018e-006
8.91250938133734e+006	-1.56204631031786e-005,3.48991714127364e-006
1.00000000000000e+007	-1.20467627610760e-005,3.24906840076351e-006