Step Information: K=700m  (Run: 6/7)
1.00000000000000e-001	1.38780326685364e-007,4.40697739350950e-004
1.12201845430196e-001	1.74714076434615e-007,4.94470985038915e-004
1.25892541179417e-001	2.19951985095662e-007,5.54805554394276e-004
1.41253754462275e-001	2.76903134653345e-007,6.22502048069050e-004
1.58489319246111e-001	3.48600378939815e-007,6.98458753977232e-004
1.77827941003892e-001	4.38861853608919e-007,7.83683566616745e-004
1.99526231496888e-001	5.52494304908519e-007,8.79307360633808e-004
2.23872113856834e-001	6.95549065060679e-007,9.86598996018568e-004
2.51188643150958e-001	8.75644305573047e-007,1.10698215394251e-003
2.81838293126445e-001	1.10237072917145e-006,1.24205422649885e-003
3.16227766016838e-001	1.38780230417729e-006,1.39360751080309e-003
3.54813389233575e-001	1.74713923860729e-006,1.56365298840707e-003
3.98107170553497e-001	2.19951743282414e-006,1.75444700516943e-003
4.46683592150963e-001	2.76902751405304e-006,1.96852120505024e-003
5.01187233627272e-001	3.48599771532866e-006,2.20871611424448e-003
5.62341325190348e-001	4.38860890934299e-006,2.47821882018182e-003
6.30957344480192e-001	5.52492779173106e-006,2.78060524379697e-003
7.07945784384137e-001	6.95546646935080e-006,3.11988756377592e-003
7.94328234724280e-001	8.75640473106378e-006,3.50056741893044e-003
8.91250938133744e-001	1.10236465512936e-005,3.92769559023057e-003
9.99999999999999e-001	1.38779267748577e-005,4.40693894817734e-003
1.12201845430196e+000	1.74712398136224e-005,4.94465554502157e-003
1.25892541179417e+000	2.19949325178579e-005,5.54797883576333e-003
1.41253754462275e+000	2.76898918982058e-005,6.22491212784701e-003
1.58489319246111e+000	3.48593697577412e-005,6.98443448791734e-003
1.77827941003892e+000	4.38851264415644e-005,7.83661947575095e-003
1.99526231496888e+000	5.52477522272965e-005,8.79276823116955e-003
2.23872113856834e+000	6.95522466584900e-005,9.86555860969414e-003
2.51188643150958e+000	8.75602150246979e-005,1.10692122467056e-002
2.81838293126445e+000	1.10230391831439e-004,1.24196816268953e-002
3.16227766016837e+000	1.38769641776527e-004,1.39348594435258e-002
3.54813389233575e+000	1.74697142326676e-004,1.56348127463042e-002
3.98107170553496e+000	2.19925147004344e-004,1.75420445905684e-002
4.46683592150962e+000	2.76860600464062e-004,1.96817861030697e-002
5.01187233627271e+000	3.48532969424236e-004,2.20823220541698e-002
5.62341325190348e+000	4.38755021976560e-004,2.47753531477466e-002
6.30957344480192e+000	5.52324998655603e-004,2.77963982716637e-002
7.07945784384136e+000	6.95280753628351e-004,3.11852398396581e-002
7.94328234724279e+000	8.75219102294889e-004,3.49864150225490e-002
8.91250938133743e+000	1.10169691054340e-003,3.92497550019719e-002
9.99999999999997e+000	1.38673453948647e-003,4.40309732257804e-002
1.12201845430196e+001	1.74544727644735e-003,4.93923017779712e-002
1.25892541179416e+001	2.19683651331595e-003,5.54031720841465e-002
1.41253754462275e+001	2.76477985872062e-003,6.21409318183718e-002
1.58489319246111e+001	3.47926825873307e-003,6.96915834512789e-002
1.77827941003892e+001	4.37794866921717e-003,7.81505205460767e-002
1.99526231496887e+001	5.50804287305674e-003,8.76232245287160e-002
2.23872113856833e+001	6.92872644504908e-003,9.82258656961193e-002
2.51188643150957e+001	8.71406601443853e-003,1.10085725650142e-001
2.81838293126444e+001	1.09566265617760e-002,1.23341321524249e-001
3.16227766016837e+001	1.37718711138291e-002,1.38142062007331e-001
3.54813389233574e+001	1.73034787348055e-002,1.54647197327079e-001
3.98107170553496e+001	2.17296963797041e-002,1.73023735696633e-001
4.46683592150961e+001	2.72708053194605e-002,1.93442883174958e-001
5.01187233627270e+001	3.41977073554799e-002,2.16074420045884e-001
5.62341325190347e+001	4.28414965942881e-002,2.41078256671266e-001
6.30957344480191e+001	5.36036471936341e-002,2.68592226425100e-001
7.07945784384135e+001	6.69660756671552e-002,2.98715000623587e-001
7.94328234724278e+001	8.34997827119643e-002,3.31482906185156e-001
8.91250938133742e+001	1.03870005545219e-001,3.66839489494994e-001
9.99999999999995e+001	1.28834810845581e-001,4.04597055373764e-001
1.12201845430196e+002	1.59232901808288e-001,4.44390337450027e-001
1.25892541179416e+002	1.95955319542317e-001,4.85624187408509e-001
1.41253754462275e+002	2.39895140646282e-001,5.27419931049813e-001
1.58489319246111e+002	2.91869952967197e-001,5.68568845198268e-001
1.77827941003891e+002	3.52514810538456e-001,6.07505586459144e-001
1.99526231496887e+002	4.22149435863235e-001,6.42318059364087e-001
2.23872113856833e+002	5.00632818286360e-001,6.70810894371235e-001
2.51188643150957e+002	5.87229524447427e-001,6.90634631911717e-001
2.81838293126444e+002	6.80521081619506e-001,6.99479940092500e-001
3.16227766016836e+002	7.78396978771417e-001,6.95316786743659e-001
3.54813389233574e+002	8.78148193456399e-001,6.76638143707391e-001
3.98107170553495e+002	9.76661552076262e-001,6.42655959031691e-001
4.46683592150961e+002	1.07068303391475e+000,5.93402375401099e-001
5.01187233627270e+002	1.15709521222436e+000,5.29713033828295e-001
5.62341325190346e+002	1.23314978064483e+000,4.53103346144756e-001
6.30957344480190e+002	1.29661305687321e+000,3.65578322230125e-001
7.07945784384134e+002	1.34581238931249e+000,2.69429786084551e-001
7.94328234724277e+002	1.37960120065463e+000,1.67068500817429e-001
8.91250938133740e+002	1.39727933192732e+000,6.09187460730568e-002
9.99999999999994e+002	1.39850981369810e+000,-4.66211171984347e-002
1.12201845430196e+003	1.38326570301688e+000,-1.53168811035732e-001
1.25892541179416e+003	1.35182603014128e+000,-2.56328546320430e-001
1.41253754462275e+003	1.30482232692741e+000,-3.53675841281857e-001
1.58489319246110e+003	1.24331942899436e+000,-4.42787594476001e-001
1.77827941003891e+003	1.16889889674563e+000,-5.21336793067500e-001
1.99526231496887e+003	1.08370438338837e+000,-5.87252037670267e-001
2.23872113856832e+003	9.90410489436364e-001,-6.38918195666904e-001
2.51188643150956e+003	8.92093273919108e-001,-6.75373136950638e-001
2.81838293126443e+003	7.92009246576375e-001,-6.96446333980849e-001
3.16227766016836e+003	6.93320677009713e-001,-7.02795094421422e-001
3.54813389233573e+003	5.98825003159523e-001,-6.95821903981685e-001
3.98107170553494e+003	5.10745498177074e-001,-6.77490827262865e-001
4.46683592150960e+003	4.30619838701046e-001,-6.50087355294494e-001
5.01187233627269e+003	3.59293186352525e-001,-6.15974582073326e-001
5.62341325190345e+003	2.96996087015710e-001,-5.77389066592439e-001
6.30957344480189e+003	2.43473502674031e-001,-5.36300040212926e-001
7.07945784384133e+003	1.98130621946300e-001,-4.94335479154274e-001
7.94328234724276e+003	1.60169283742510e-001,-4.52764474358140e-001
8.91250938133739e+003	1.28700030740310e-001,-4.12519051539072e-001
9.99999999999992e+003	1.02824675821023e-001,-3.74238518414826e-001
1.12201845430195e+004	8.16909182400392e-002,-3.38322770037535e-001
1.25892541179416e+004	6.45239409221204e-002,-3.04985367840630e-001
1.41253754462274e+004	5.06409013748061e-002,-2.74301169688369e-001
1.58489319246110e+004	3.94537976569572e-002,-2.46246237142514e-001
1.77827941003891e+004	3.04651412034150e-002,-2.20729639581965e-001
1.99526231496886e+004	2.32596987886157e-002,-1.97617819175057e-001
2.23872113856832e+004	1.74945286944565e-002,-1.76752640049348e-001
2.51188643150956e+004	1.28887216289486e-002,-1.57964348810115e-001
2.81838293126443e+004	9.21366761173287e-003,-1.41080588533651e-001
3.16227766016835e+004	6.28427032311848e-003,-1.25932441729288e-001
3.54813389233572e+004	3.95127488773792e-003,-1.12358291500381e-001
3.98107170553494e+004	2.09472186758207e-003,-1.00206115925577e-001
4.46683592150959e+004	6.18455837725638e-004,-8.93346818183108e-002
5.01187233627268e+004	-5.54423421918558e-004,-7.96139836168094e-002
5.62341325190344e+004	-1.48529259256675e-003,-7.09251793044911e-002
6.30957344480187e+004	-2.22304296321800e-003,-6.31602040326906e-002
7.07945784384131e+004	-2.80653881889831e-003,-5.62211891560894e-002
7.94328234724274e+004	-3.26659647959337e-003,-5.00197756678130e-002
8.91250938133737e+004	-3.62757021877184e-003,-4.44763831296738e-002
9.99999999999990e+004	-3.90861776158318e-003,-3.95194753996281e-002
1.12201845430195e+005	-4.12470594377480e-003,-3.50848506391021e-002
1.25892541179415e+005	-4.28740674338067e-003,-3.11149736165444e-002
1.41253754462274e+005	-4.40552539424804e-003,-2.75583619749971e-002
1.58489319246110e+005	-4.48559566219651e-003,-2.43690339354926e-002
1.77827941003891e+005	-4.53227257137408e-003,-2.15060220601041e-002
1.99526231496886e+005	-4.54864982856503e-003,-1.89329554524519e-002
2.23872113856832e+005	-4.53652773183454e-003,-1.66177103548915e-002
2.51188643150955e+005	-4.49665707807263e-003,-1.45321256596854e-002
2.81838293126442e+005	-4.42898470583623e-003,-1.26517745020001e-002
3.16227766016835e+005	-4.33292539176515e-003,-1.09557751460234e-002
3.54813389233572e+005	-4.20768064411705e-003,-9.42661378662224e-003
3.98107170553493e+005	-4.05261470805707e-003,-8.04994010400038e-003
4.46683592150958e+005	-3.86767936754815e-003,-6.81428719508038e-003
5.01187233627267e+005	-3.65385174605338e-003,-5.71066724839990e-003
5.62341325190343e+005	-3.41351802750368e-003,-4.73201062020646e-003
6.30957344480186e+005	-3.15071218080322e-003,-3.87245355710873e-003
7.07945784384130e+005	-2.87111828431603e-003,-3.12653464971145e-003
7.94328234724273e+005	-2.58178068435853e-003,-2.48841527158755e-003
8.91250938133736e+005	-2.29053651763335e-003,-1.95126844075601e-003
9.99999999999989e+005	-2.00526795615095e-003,-1.50696143258682e-003
1.12201845430195e+006	-1.73313115925495e-003,-1.14608846934043e-003
1.25892541179415e+006	-1.47992598833448e-003,-8.58316295303911e-004
1.41253754462274e+006	-1.24972135010721e-003,-6.32927286711061e-004
1.58489319246110e+006	-1.04477007290976e-003,-4.59412644018034e-004
1.77827941003890e+006	-8.65670773311305e-004,-3.27987176287017e-004
1.99526231496886e+006	-7.11688879553406e-004,-2.29948530542768e-004
2.23872113856831e+006	-5.81141083917508e-004,-1.57860555762318e-004
2.51188643150955e+006	-4.71766626484995e-004,-1.05582930092794e-004
2.81838293126442e+006	-3.81038867799303e-004,-6.81902577600141e-005
3.16227766016834e+006	-3.06398722113419e-004,-4.18267587874744e-005
3.54813389233571e+006	-2.45411371904735e-004,-2.35348269300175e-005
3.98107170553492e+006	-1.95858423053633e-004,-1.10840403221248e-005
4.46683592150958e+006	-1.55781331022348e-004,-2.81612806677312e-006
5.01187233627266e+006	-1.23491284261882e-004,2.48709667417789e-006
5.62341325190342e+006	-9.75580696704174e-005,5.71140851636941e-006
6.30957344480185e+006	-7.67872657117384e-005,7.49517406747826e-006
7.07945784384129e+006	-6.01922029332066e-005,8.29485967848264e-006
7.94328234724271e+006	-4.69648082670311e-005,8.43459433252376e-006
8.91250938133734e+006	-3.64477472407499e-005,8.14313999630516e-006
1.00000000000000e+007	-2.81091131091774e-005,7.58115960178153e-006