Step Information: K=400m  (Run: 3/7)
1.00000000000000e-001	7.93030438202080e-008,2.51827279629114e-004
1.12201845430196e-001	9.98366151054946e-008,2.82554848593666e-004
1.25892541179417e-001	1.25686848626093e-007,3.17031745368158e-004
1.41253754462275e-001	1.58230362659054e-007,3.55715456039457e-004
1.58489319246111e-001	1.99200216537037e-007,3.99119287986990e-004
1.77827941003892e-001	2.50778202062239e-007,4.47819180923854e-004
1.99526231496888e-001	3.15711031376296e-007,5.02461348933605e-004
2.23872113856834e-001	3.97456608606102e-007,5.63770854867753e-004
2.51188643150958e-001	5.00368174613170e-007,6.32561230824294e-004
2.81838293126445e-001	6.29926130955113e-007,7.09745272285056e-004
3.16227766016838e-001	7.93029888101309e-007,7.96347149030339e-004
3.54813389233575e-001	9.98365279204166e-007,8.93515993375470e-004
3.98107170553497e-001	1.25686710447094e-006,1.00254114581110e-003
4.46683592150963e-001	1.58230143660174e-006,1.12486926002871e-003
5.01187233627272e-001	1.99199869447352e-006,1.26212349385399e-003
5.62341325190348e-001	2.50777651962457e-006,1.41612504010390e-003
6.30957344480192e-001	3.15710159527489e-006,1.58891728216970e-003
7.07945784384137e-001	3.97455226820046e-006,1.78279289358624e-003
7.94328234724280e-001	5.00365984632216e-006,2.00032423938882e-003
8.91250938133744e-001	6.29922660073917e-006,2.24439748013176e-003
9.99999999999999e-001	7.93024387134727e-006,2.51825082752991e-003
1.12201845430196e+000	9.98356560778425e-006,2.82551745429804e-003
1.25892541179417e+000	1.25685328673474e-005,3.17027362043619e-003
1.41253754462275e+000	1.58227953704033e-005,3.55709264448401e-003
1.58489319246111e+000	1.99196398615664e-005,3.99110542166705e-003
1.77827941003892e+000	2.50772151094654e-005,4.47806827185769e-003
1.99526231496888e+000	3.15701441298837e-005,5.02443898923974e-003
2.23872113856834e+000	3.97441409477086e-005,5.63746206268237e-003
2.51188643150958e+000	5.00344085855417e-005,6.32526414097463e-003
2.81838293126445e+000	6.29887953322508e-005,7.09696092965444e-003
3.16227766016837e+000	7.92969381580155e-005,7.96277682487191e-003
3.54813389233575e+000	9.98269384723861e-005,8.93417871217384e-003
3.98107170553496e+000	1.25671512573911e-004,1.00240254803248e-002
4.46683592150962e+000	1.58206057408036e-004,1.12467349160398e-002
5.01187233627271e+000	1.99161696813849e-004,1.26184697452399e-002
5.62341325190348e+000	2.50717155415177e-004,1.41573446558552e-002
6.30957344480192e+000	3.15614284946059e-004,1.58836561552364e-002
7.07945784384136e+000	3.97303287787629e-004,1.78201370512332e-002
7.94328234724279e+000	5.00125201311365e-004,1.99922371557423e-002
8.91250938133743e+000	6.29541091739089e-004,2.24284314296982e-002
9.99999999999997e+000	7.92419736849410e-004,2.51605561290174e-002
1.12201845430196e+001	9.97398443684198e-004,2.82241724445550e-002
1.25892541179416e+001	1.25533515046626e-003,3.16589554766552e-002
1.41253754462275e+001	1.57987420498321e-003,3.55091038962125e-002
1.58489319246111e+001	1.98815329070461e-003,3.98237619721594e-002
1.77827941003892e+001	2.50168495383838e-003,4.46574403120439e-002
1.99526231496887e+001	3.14745307031814e-003,5.00704140164092e-002
2.23872113856833e+001	3.95927225431376e-003,5.61290661120682e-002
2.51188643150957e+001	4.97946629396487e-003,6.29061289429382e-002
2.81838293126444e+001	6.26092946387200e-003,7.04807551567140e-002
3.16227766016837e+001	7.86964063647375e-003,7.89383211470462e-002
3.54813389233574e+001	9.88770213417455e-003,8.83698270440451e-002
3.98107170553496e+001	1.24169693598309e-002,9.88707061123618e-002
4.46683592150961e+001	1.55833173254060e-002,1.10538790385690e-001
5.01187233627270e+001	1.95415470602743e-002,1.23471097169076e-001
5.62341325190347e+001	2.44808551967361e-002,1.37759003812152e-001
6.30957344480191e+001	3.06306555392195e-002,1.53481272242914e-001
7.07945784384135e+001	3.82663289526601e-002,1.70694286070621e-001
7.94328234724278e+001	4.77141615496939e-002,1.89418803534375e-001
8.91250938133742e+001	5.93542888829823e-002,2.09622565425711e-001
9.99999999999995e+001	7.36198919117608e-002,2.31198317356436e-001
1.12201845430196e+002	9.09902296047358e-002,2.53937335685730e-001
1.25892541179416e+002	1.11974468309895e-001,2.77499535662005e-001
1.41253754462275e+002	1.37082937512161e-001,3.01382817742750e-001
1.58489319246111e+002	1.66782830266970e-001,3.24896482970439e-001
1.77827941003891e+002	2.01437034593404e-001,3.47146049405225e-001
1.99526231496887e+002	2.41228249064705e-001,3.67038891065193e-001
2.23872113856833e+002	2.86075896163634e-001,3.83320511069277e-001
2.51188643150957e+002	3.35559728255673e-001,3.94648361092410e-001
2.81838293126444e+002	3.88869189496861e-001,3.99702822910000e-001
3.16227766016836e+002	4.44798273583667e-001,3.97323878139234e-001
3.54813389233574e+002	5.01798967689371e-001,3.86650367832795e-001
3.98107170553495e+002	5.58092315472150e-001,3.67231976589537e-001
4.46683592150961e+002	6.11818876522712e-001,3.39087071657771e-001
5.01187233627270e+002	6.61197264128204e-001,3.02693162187597e-001
5.62341325190346e+002	7.04657017511331e-001,2.58916197797003e-001
6.30957344480190e+002	7.40921746784691e-001,2.08901898417214e-001
7.07945784384134e+002	7.69035651035708e-001,1.53959877762600e-001
7.94328234724277e+002	7.88343543231219e-001,9.54677147528162e-002
8.91250938133740e+002	7.98445332529895e-001,3.48107120417467e-002
9.99999999999994e+002	7.99148464970343e-001,-2.66406383991055e-002
1.12201845430196e+003	7.90437544581072e-001,-8.75250348775615e-002
1.25892541179416e+003	7.72472017223587e-001,-1.46473455040246e-001
1.41253754462275e+003	7.45612758244233e-001,-2.02100480732490e-001
1.58489319246110e+003	7.10468245139634e-001,-2.53021482557715e-001
1.77827941003891e+003	6.67942226711789e-001,-2.97906738895714e-001
1.99526231496887e+003	6.19259647650497e-001,-3.35572592954438e-001
2.23872113856832e+003	5.65948851106494e-001,-3.65096111809659e-001
2.51188643150956e+003	5.09767585096633e-001,-3.85927506828936e-001
2.81838293126443e+003	4.52576712329357e-001,-3.97969333703342e-001
3.16227766016836e+003	3.96183244005550e-001,-4.01597196812241e-001
3.54813389233573e+003	3.42185716091156e-001,-3.97612516560963e-001
3.98107170553494e+003	2.91854570386899e-001,-3.87137615578780e-001
4.46683592150960e+003	2.46068479257740e-001,-3.71478488739711e-001
5.01187233627269e+003	2.05310392201443e-001,-3.51985475470472e-001
5.62341325190345e+003	1.69712049723263e-001,-3.29936609481394e-001
6.30957344480189e+003	1.39127715813732e-001,-3.06457165835958e-001
7.07945784384133e+003	1.13217498255028e-001,-2.82477416659585e-001
7.94328234724276e+003	9.15253049957198e-002,-2.58722556776080e-001
8.91250938133739e+003	7.35428747087486e-002,-2.35725172308041e-001
9.99999999999992e+003	5.87569576120129e-002,-2.13850581951329e-001
1.12201845430195e+004	4.66805247085938e-002,-1.93327297164306e-001
1.25892541179416e+004	3.68708233840688e-002,-1.74277353051789e-001
1.41253754462274e+004	2.89376579284606e-002,-1.56743525536211e-001
1.58489319246110e+004	2.25450272325470e-002,-1.40712135510008e-001
1.77827941003891e+004	1.74086521162371e-002,-1.26131222618266e-001
1.99526231496886e+004	1.32912564506376e-002,-1.12924468100033e-001
2.23872113856832e+004	9.99687353968945e-003,-1.01001508599627e-001
2.51188643150956e+004	7.36498378797063e-003,-9.02653421772085e-002
2.81838293126443e+004	5.26495292099021e-003,-8.06174791620862e-002
3.16227766016835e+004	3.59101161321056e-003,-7.19613952738788e-002
3.54813389233572e+004	2.25787136442167e-003,-6.42047380002176e-002
3.98107170553494e+004	1.19698392433261e-003,-5.72606376717583e-002
4.46683592150959e+004	3.53403335843222e-004,-5.10483896104633e-002
5.01187233627268e+004	-3.16813383953462e-004,-4.54937049238911e-002
5.62341325190344e+004	-8.48738624323859e-004,-4.05286738882807e-002
6.30957344480187e+004	-1.27031026469600e-003,-3.60915451615375e-002
7.07945784384131e+004	-1.60373646794189e-003,-3.21263938034796e-002
7.94328234724274e+004	-1.86662655976764e-003,-2.85827289530360e-002
8.91250938133737e+004	-2.07289726786962e-003,-2.54150760740993e-002
9.99999999999990e+004	-2.23349586376181e-003,-2.25825573712161e-002
1.12201845430195e+005	-2.35697482501417e-003,-2.00484860794869e-002
1.25892541179415e+005	-2.44994671050324e-003,-1.77799849237397e-002
1.41253754462274e+005	-2.51744308242745e-003,-1.57476354142840e-002
1.58489319246110e+005	-2.56319752125515e-003,-1.39251622488529e-002
1.77827941003891e+005	-2.58987004078519e-003,-1.22891554629166e-002
1.99526231496886e+005	-2.59922847346573e-003,-1.08188316871153e-002
2.23872113856832e+005	-2.59230156104831e-003,-9.49583448850942e-003
2.51188643150955e+005	-2.56951833032722e-003,-8.30407180553453e-003
2.81838293126442e+005	-2.53084840333499e-003,-7.22958542971432e-003
3.16227766016835e+005	-2.47595736672294e-003,-6.26044294058479e-003
3.54813389233572e+005	-2.40438893949546e-003,-5.38663644949842e-003
3.98107170553493e+005	-2.31577983317547e-003,-4.59996577371451e-003
4.46683592150958e+005	-2.21010249574180e-003,-3.89387839718879e-003
5.01187233627267e+005	-2.08791528345907e-003,-3.26323842765708e-003
5.62341325190343e+005	-1.95058173000210e-003,-2.70400606868941e-003
6.30957344480186e+005	-1.80040696045898e-003,-2.21283060406213e-003
7.07945784384130e+005	-1.64063901960916e-003,-1.78659122840654e-003
7.94328234724273e+005	-1.47530324820487e-003,-1.42195158376432e-003
8.91250938133736e+005	-1.30887801007620e-003,-1.11501053757487e-003
9.99999999999989e+005	-1.14586740351483e-003,-8.61120818621039e-004
1.12201845430195e+006	-9.90360662431401e-004,-6.54907696765958e-004
1.25892541179415e+006	-8.45671993333991e-004,-4.90466454459378e-004
1.41253754462274e+006	-7.14126485775551e-004,-3.61672735263464e-004
1.58489319246110e+006	-5.97011470234146e-004,-2.62521510867448e-004
1.77827941003890e+006	-4.94669013320746e-004,-1.87421243592581e-004
1.99526231496886e+006	-4.06679359744803e-004,-1.31399160310153e-004
2.23872113856831e+006	-3.32080619381433e-004,-9.02060318641816e-005
2.51188643150955e+006	-2.69580929419997e-004,-6.03331029101679e-005
2.81838293126442e+006	-2.17736495885316e-004,-3.89658615771509e-005
3.16227766016834e+006	-1.75084984064811e-004,-2.39010050214139e-005
3.54813389233571e+006	-1.40235069659848e-004,-1.34484725314386e-005
3.98107170553492e+006	-1.11919098887790e-004,-6.33373732692844e-006
4.46683592150958e+006	-8.90179034413417e-005,-1.60921603815607e-006
5.01187233627266e+006	-7.05664481496470e-005,1.42119809953022e-006
5.62341325190342e+006	-5.57474683830956e-005,3.26366200935395e-006
6.30957344480185e+006	-4.38784375495648e-005,4.28295660998758e-006
7.07945784384129e+006	-3.43955445332609e-005,4.73991981627579e-006
7.94328234724271e+006	-2.68370332954463e-005,4.81976819001358e-006
8.91250938133734e+006	-2.08272841375714e-005,4.65322285503152e-006
1.00000000000000e+007	-1.60623503481014e-005,4.33209120101802e-006