Freq.	V(fb)/V(in)
Step Information: K=200m  (Run: 1/7)
1.00000000000000e-001	3.96515219101040e-008,1.25913639814557e-004
1.12201845430196e-001	4.99183075527473e-008,1.41277424296833e-004
1.25892541179417e-001	6.28434243130464e-008,1.58515872684079e-004
1.41253754462275e-001	7.91151813295270e-008,1.77857728019728e-004
1.58489319246111e-001	9.96001082685187e-008,1.99559643993495e-004
1.77827941003892e-001	1.25389101031120e-007,2.23909590461927e-004
1.99526231496888e-001	1.57855515688148e-007,2.51230674466802e-004
2.23872113856834e-001	1.98728304303051e-007,2.81885427433876e-004
2.51188643150958e-001	2.50184087306585e-007,3.16280615412147e-004
2.81838293126445e-001	3.14963065477557e-007,3.54872636142528e-004
3.16227766016838e-001	3.96514944050654e-007,3.98173574515170e-004
3.54813389233575e-001	4.99182639602083e-007,4.46757996687735e-004
3.98107170553497e-001	6.28433552235469e-007,5.01270572905552e-004
4.46683592150963e-001	7.91150718300869e-007,5.62434630014353e-004
5.01187233627272e-001	9.95999347236760e-007,6.31061746926994e-004
5.62341325190348e-001	1.25388825981228e-006,7.08062520051949e-004
6.30957344480192e-001	1.57855079763745e-006,7.94458641084848e-004
7.07945784384137e-001	1.98727613410023e-006,8.91396446793120e-004
7.94328234724280e-001	2.50182992316108e-006,1.00016211969441e-003
8.91250938133744e-001	3.14961330036959e-006,1.12219874006588e-003
9.99999999999999e-001	3.96512193567363e-006,1.25912541376495e-003
1.12201845430196e+000	4.99178280389213e-006,1.41275872714902e-003
1.25892541179417e+000	6.28426643367368e-006,1.58513681021810e-003
1.41253754462275e+000	7.91139768520166e-006,1.77854632224200e-003
1.58489319246111e+000	9.95981993078321e-006,1.99555271083353e-003
1.77827941003892e+000	1.25386075547327e-005,2.23903413592884e-003
1.99526231496888e+000	1.57850720649419e-005,2.51221949461987e-003
2.23872113856834e+000	1.98720704738543e-005,2.81873103134118e-003
2.51188643150958e+000	2.50172042927708e-005,3.16263207048731e-003
2.81838293126445e+000	3.14943976661254e-005,3.54848046482722e-003
3.16227766016837e+000	3.96484690790078e-005,3.98138841243596e-003
3.54813389233575e+000	4.99134692361930e-005,4.46708935608692e-003
3.98107170553496e+000	6.28357562869555e-005,5.01201274016241e-003
4.46683592150962e+000	7.91030287040178e-005,5.62336745801992e-003
5.01187233627271e+000	9.95808484069246e-005,6.30923487261996e-003
5.62341325190348e+000	1.25358577707589e-004,7.07867232792760e-003
6.30957344480192e+000	1.57807142473029e-004,7.94182807761819e-003
7.07945784384136e+000	1.98651643893814e-004,8.91006852561659e-003
7.94328234724279e+000	2.50062600655683e-004,9.99611857787115e-003
8.91250938133743e+000	3.14770545869544e-004,1.12142157148491e-002
9.99999999999997e+000	3.96209868424705e-004,1.25802780645087e-002
1.12201845430196e+001	4.98699221842099e-004,1.41120862222775e-002
1.25892541179416e+001	6.27667575233129e-004,1.58294777383276e-002
1.41253754462275e+001	7.89937102491607e-004,1.77545519481062e-002
1.58489319246111e+001	9.94076645352305e-004,1.99118809860797e-002
1.77827941003892e+001	1.25084247691919e-003,2.23287201560219e-002
1.99526231496887e+001	1.57372653515907e-003,2.50352070082046e-002
2.23872113856833e+001	1.97963612715688e-003,2.80645330560341e-002
2.51188643150957e+001	2.48973314698244e-003,3.14530644714691e-002
2.81838293126444e+001	3.13046473193600e-003,3.52403775783570e-002
3.16227766016837e+001	3.93482031823688e-003,3.94691605735231e-002
3.54813389233574e+001	4.94385106708727e-003,4.41849135220226e-002
3.98107170553496e+001	6.20848467991547e-003,4.94353530561809e-002
4.46683592150961e+001	7.79165866270301e-003,5.52693951928450e-002
5.01187233627270e+001	9.77077353013713e-003,6.17355485845382e-002
5.62341325190347e+001	1.22404275983680e-002,6.88795019060759e-002
6.30957344480191e+001	1.53153277696097e-002,7.67406361214572e-002
7.07945784384135e+001	1.91331644763301e-002,8.53471430353106e-002
7.94328234724278e+001	2.38570807748469e-002,9.47094017671875e-002
8.91250938133742e+001	2.96771444414911e-002,1.04811282712855e-001
9.99999999999995e+001	3.68099459558804e-002,1.15599158678218e-001
1.12201845430196e+002	4.54951148023679e-002,1.26968667842865e-001
1.25892541179416e+002	5.59872341549477e-002,1.38749767831003e-001
1.41253754462275e+002	6.85414687560807e-002,1.50691408871375e-001
1.58489319246111e+002	8.33914151334850e-002,1.62448241485220e-001
1.77827941003891e+002	1.00718517296702e-001,1.73573024702613e-001
1.99526231496887e+002	1.20614124532353e-001,1.83519445532596e-001
2.23872113856833e+002	1.43037948081817e-001,1.91660255534639e-001
2.51188643150957e+002	1.67779864127836e-001,1.97324180546205e-001
2.81838293126444e+002	1.94434594748430e-001,1.99851411455000e-001
3.16227766016836e+002	2.22399136791834e-001,1.98661939069617e-001
3.54813389233574e+002	2.50899483844686e-001,1.93325183916397e-001
3.98107170553495e+002	2.79046157736075e-001,1.83615988294769e-001
4.46683592150961e+002	3.05909438261356e-001,1.69543535828885e-001
5.01187233627270e+002	3.30598632064102e-001,1.51346581093799e-001
5.62341325190346e+002	3.52328508755666e-001,1.29458098898502e-001
6.30957344480190e+002	3.70460873392345e-001,1.04450949208607e-001
7.07945784384134e+002	3.84517825517854e-001,7.69799388813002e-002
7.94328234724277e+002	3.94171771615610e-001,4.77338573764081e-002
8.91250938133740e+002	3.99222666264948e-001,1.74053560208733e-002
9.99999999999994e+002	3.99574232485171e-001,-1.33203191995528e-002
1.12201845430196e+003	3.95218772290536e-001,-4.37625174387807e-002
1.25892541179416e+003	3.86236008611794e-001,-7.32367275201228e-002
1.41253754462275e+003	3.72806379122117e-001,-1.01050240366245e-001
1.58489319246110e+003	3.55234122569817e-001,-1.26510741278857e-001
1.77827941003891e+003	3.33971113355895e-001,-1.48953369447857e-001
1.99526231496887e+003	3.09629823825248e-001,-1.67786296477219e-001
2.23872113856832e+003	2.82974425553247e-001,-1.82548055904830e-001
2.51188643150956e+003	2.54883792548317e-001,-1.92963753414468e-001
2.81838293126443e+003	2.26288356164679e-001,-1.98984666851671e-001
3.16227766016836e+003	1.98091622002775e-001,-2.00798598406121e-001
3.54813389233573e+003	1.71092858045578e-001,-1.98806258280481e-001
3.98107170553494e+003	1.45927285193450e-001,-1.93568807789390e-001
4.46683592150960e+003	1.23034239628870e-001,-1.85739244369855e-001
5.01187233627269e+003	1.02655196100722e-001,-1.75992737735236e-001
5.62341325190345e+003	8.48560248616315e-002,-1.64968304740697e-001
6.30957344480189e+003	6.95638579068659e-002,-1.53228582917979e-001
7.07945784384133e+003	5.66087491275142e-002,-1.41238708329792e-001
7.94328234724276e+003	4.57626524978599e-002,-1.29361278388040e-001
8.91250938133739e+003	3.67714373543743e-002,-1.17862586154020e-001
9.99999999999992e+003	2.93784788060065e-002,-1.06925290975664e-001
1.12201845430195e+004	2.33402623542969e-002,-9.66636485821530e-002
1.25892541179416e+004	1.84354116920344e-002,-8.71386765258943e-002
1.41253754462274e+004	1.44688289642303e-002,-7.83717627681054e-002
1.58489319246110e+004	1.12725136162735e-002,-7.03560677550042e-002
1.77827941003891e+004	8.70432605811856e-003,-6.30656113091329e-002
1.99526231496886e+004	6.64562822531878e-003,-5.64622340500163e-002
2.23872113856832e+004	4.99843676984472e-003,-5.05007542998136e-002
2.51188643150956e+004	3.68249189398531e-003,-4.51326710886042e-002
2.81838293126443e+004	2.63247646049511e-003,-4.03087395810431e-002
3.16227766016835e+004	1.79550580660528e-003,-3.59806976369394e-002
3.54813389233572e+004	1.12893568221083e-003,-3.21023690001088e-002
3.98107170553494e+004	5.98491962166306e-004,-2.86303188358792e-002
4.46683592150959e+004	1.76701667921611e-004,-2.55241948052317e-002
5.01187233627268e+004	-1.58406691976731e-004,-2.27468524619455e-002
5.62341325190344e+004	-4.24369312161929e-004,-2.02643369441403e-002
6.30957344480187e+004	-6.35155132348001e-004,-1.80457725807687e-002
7.07945784384131e+004	-8.01868233970946e-004,-1.60631969017398e-002
7.94328234724274e+004	-9.33313279883820e-004,-1.42913644765180e-002
8.91250938133737e+004	-1.03644863393481e-003,-1.27075380370497e-002
9.99999999999990e+004	-1.11674793188091e-003,-1.12912786856080e-002
1.12201845430195e+005	-1.17848741250709e-003,-1.00242430397435e-002
1.25892541179415e+005	-1.22497335525162e-003,-8.88999246186984e-003
1.41253754462274e+005	-1.25872154121372e-003,-7.87381770714202e-003
1.58489319246110e+005	-1.28159876062757e-003,-6.96258112442646e-003
1.77827941003891e+005	-1.29493502039260e-003,-6.14457773145831e-003
1.99526231496886e+005	-1.29961423673287e-003,-5.40941584355768e-003
2.23872113856832e+005	-1.29615078052415e-003,-4.74791724425471e-003
2.51188643150955e+005	-1.28475916516361e-003,-4.15203590276727e-003
2.81838293126442e+005	-1.26542420166750e-003,-3.61479271485716e-003
3.16227766016835e+005	-1.23797868336147e-003,-3.13022147029240e-003
3.54813389233572e+005	-1.20219446974773e-003,-2.69331822474921e-003
3.98107170553493e+005	-1.15788991658774e-003,-2.29998288685725e-003
4.46683592150958e+005	-1.10505124787090e-003,-1.94693919859439e-003
5.01187233627267e+005	-1.04395764172954e-003,-1.63161921382854e-003
5.62341325190343e+005	-9.75290865001050e-004,-1.35200303434470e-003
6.30957344480186e+005	-9.00203480229492e-004,-1.10641530203107e-003
7.07945784384130e+005	-8.20319509804581e-004,-8.93295614203273e-004
7.94328234724273e+005	-7.37651624102437e-004,-7.10975791882158e-004
8.91250938133736e+005	-6.54439005038100e-004,-5.57505268787433e-004
9.99999999999989e+005	-5.72933701757415e-004,-4.30560409310520e-004
1.12201845430195e+006	-4.95180331215701e-004,-3.27453848382979e-004
1.25892541179415e+006	-4.22835996666995e-004,-2.45233227229689e-004
1.41253754462274e+006	-3.57063242887775e-004,-1.80836367631732e-004
1.58489319246110e+006	-2.98505735117073e-004,-1.31260755433724e-004
1.77827941003890e+006	-2.47334506660373e-004,-9.37106217962907e-005
1.99526231496886e+006	-2.03339679872402e-004,-6.56995801550766e-005
2.23872113856831e+006	-1.66040309690717e-004,-4.51030159320908e-005
2.51188643150955e+006	-1.34790464709999e-004,-3.01665514550840e-005
2.81838293126442e+006	-1.08868247942658e-004,-1.94829307885755e-005
3.16227766016834e+006	-8.75424920324053e-005,-1.19505025107070e-005
3.54813389233571e+006	-7.01175348299242e-005,-6.72423626571928e-006
3.98107170553492e+006	-5.59595494438952e-005,-3.16686866346422e-006
4.46683592150958e+006	-4.45089517206709e-005,-8.04608019078033e-007
5.01187233627266e+006	-3.52832240748235e-005,7.10599049765111e-007
5.62341325190342e+006	-2.78737341915478e-005,1.63183100467697e-006
6.30957344480185e+006	-2.19392187747824e-005,2.14147830499379e-006
7.07945784384129e+006	-1.71977722666305e-005,2.36995990813790e-006
7.94328234724271e+006	-1.34185166477232e-005,2.40988409500679e-006
8.91250938133734e+006	-1.04136420687857e-005,2.32661142751576e-006
1.00000000000000e+007	-8.03117517405069e-006,2.16604560050901e-006
Step Information: K=300m  (Run: 2/7)
1.00000000000000e-001	5.94772828651560e-008,1.88870459721836e-004
1.12201845430196e-001	7.48774613291210e-008,2.11916136445250e-004
1.25892541179417e-001	9.42651364695696e-008,2.37773809026118e-004
1.41253754462275e-001	1.18672771994291e-007,2.66786592029593e-004
1.58489319246111e-001	1.49400162402778e-007,2.99339465990243e-004
1.77827941003892e-001	1.88083651546680e-007,3.35864385692891e-004
1.99526231496888e-001	2.36783273532222e-007,3.76846011700204e-004
2.23872113856834e-001	2.98092456454577e-007,4.22828141150815e-004
2.51188643150958e-001	3.75276130959878e-007,4.74420923118221e-004
2.81838293126445e-001	4.72444598216335e-007,5.32308954213792e-004
3.16227766016838e-001	5.94772416075982e-007,5.97260361772755e-004
3.54813389233575e-001	7.48773959403125e-007,6.70136995031603e-004
3.98107170553497e-001	9.42650328353204e-007,7.51905859358328e-004
4.46683592150963e-001	1.18672607745130e-006,8.43651945021530e-004
5.01187233627272e-001	1.49399902085514e-006,9.46592620390491e-004
5.62341325190348e-001	1.88083238971843e-006,1.06209378007792e-003
6.30957344480192e-001	2.36782619645617e-006,1.19168796162727e-003
7.07945784384137e-001	2.98091420115035e-006,1.33709467018968e-003
7.94328234724280e-001	3.75274488474162e-006,1.50024317954162e-003
8.91250938133744e-001	4.72441995055438e-006,1.68329811009882e-003
9.99999999999999e-001	5.94768290351045e-006,1.88868812064743e-003
1.12201845430196e+000	7.48767420583819e-006,2.11913809072353e-003
1.25892541179417e+000	9.42639965051053e-006,2.37770521532714e-003
1.41253754462275e+000	1.18670965278025e-005,2.66781948336301e-003
1.58489319246111e+000	1.49397298961748e-005,2.99332906625029e-003
1.77827941003892e+000	1.88079113320991e-005,3.35855120389327e-003
1.99526231496888e+000	2.36776080974128e-005,3.76832924192981e-003
2.23872113856834e+000	2.98081057107814e-005,4.22809654701178e-003
2.51188643150958e+000	3.75258064391563e-005,4.74394810573097e-003
2.81838293126445e+000	4.72415964991882e-005,5.32272069724084e-003
3.16227766016837e+000	5.94727036185117e-005,5.97208261865394e-003
3.54813389233575e+000	7.48702038542896e-005,6.70063403413039e-003
3.98107170553496e+000	9.42536344304333e-005,7.51801911024361e-003
4.46683592150962e+000	1.18654543056027e-004,8.43505118702988e-003
5.01187233627271e+000	1.49371272610387e-004,9.46385230892994e-003
5.62341325190348e+000	1.88037866561383e-004,1.06180084918914e-002
6.30957344480192e+000	2.36710713709544e-004,1.19127421164273e-002
7.07945784384136e+000	2.97977465840722e-004,1.33651027884249e-002
7.94328234724279e+000	3.75093900983524e-004,1.49941778668067e-002
8.91250938133743e+000	4.72155818804317e-004,1.68213235722737e-002
9.99999999999997e+000	5.94314802637058e-004,1.88704170967631e-002
1.12201845430196e+001	7.48048832763149e-004,2.11681293334162e-002
1.25892541179416e+001	9.41501362849694e-004,2.37442166074914e-002
1.41253754462275e+001	1.18490565373741e-003,2.66318279221594e-002
1.58489319246111e+001	1.49111496802846e-003,2.98678214791195e-002
1.77827941003892e+001	1.87626371537879e-003,3.34930802340329e-002
1.99526231496887e+001	2.36058980273861e-003,3.75528105123069e-002
2.23872113856833e+001	2.96945419073532e-003,4.20967995840512e-002
2.51188643150957e+001	3.73459972047366e-003,4.71795967072036e-002
2.81838293126444e+001	4.69569709790400e-003,5.28605663675355e-002
3.16227766016837e+001	5.90223047735532e-003,5.92037408602847e-002
3.54813389233574e+001	7.41577660063091e-003,6.62773702830339e-002
3.98107170553496e+001	9.31272701987320e-003,7.41530295842714e-002
4.46683592150961e+001	1.16874879940545e-002,8.29040927892676e-002
5.01187233627270e+001	1.46561602952057e-002,9.26033228768074e-002
5.62341325190347e+001	1.83606413975521e-002,1.03319252859114e-001
6.30957344480191e+001	2.29729916544146e-002,1.15110954182186e-001
7.07945784384135e+001	2.86997467144951e-002,1.28020714552966e-001
7.94328234724278e+001	3.57856211622704e-002,1.42064102650781e-001
8.91250938133742e+001	4.45157166622367e-002,1.57216924069283e-001
9.99999999999995e+001	5.52149189338206e-002,1.73398738017327e-001
1.12201845430196e+002	6.82426722035518e-002,1.90453001764298e-001
1.25892541179416e+002	8.39808512324216e-002,2.08124651746504e-001
1.41253754462275e+002	1.02812203134121e-001,2.26037113307063e-001
1.58489319246111e+002	1.25087122700228e-001,2.43672362227829e-001
1.77827941003891e+002	1.51077775945053e-001,2.60359537053919e-001
1.99526231496887e+002	1.80921186798529e-001,2.75279168298895e-001
2.23872113856833e+002	2.14556922122726e-001,2.87490383301958e-001
2.51188643150957e+002	2.51669796191755e-001,2.95986270819307e-001
2.81838293126444e+002	2.91651892122646e-001,2.99777117182500e-001
3.16227766016836e+002	3.33598705187750e-001,2.97992908604425e-001
3.54813389233574e+002	3.76349225767028e-001,2.89987775874596e-001
3.98107170553495e+002	4.18569236604113e-001,2.75423982442153e-001
4.46683592150961e+002	4.58864157392034e-001,2.54315303743328e-001
5.01187233627270e+002	4.95897948096154e-001,2.27019871640698e-001
5.62341325190346e+002	5.28492763133498e-001,1.94187148347752e-001
6.30957344480190e+002	5.55691310088518e-001,1.56676423812910e-001
7.07945784384134e+002	5.76776738276781e-001,1.15469908321950e-001
7.94328234724277e+002	5.91257657423414e-001,7.16007860646121e-002
8.91250938133740e+002	5.98833999397422e-001,2.61080340313099e-002
9.99999999999994e+002	5.99361348727757e-001,-1.99804787993292e-002
1.12201845430196e+003	5.92828158435804e-001,-6.56437761581711e-002
1.25892541179416e+003	5.79354012917690e-001,-1.09855091280184e-001
1.41253754462275e+003	5.59209568683175e-001,-1.51575360549367e-001
1.58489319246110e+003	5.32851183854726e-001,-1.89766111918286e-001
1.77827941003891e+003	5.00956670033842e-001,-2.23430054171786e-001
1.99526231496887e+003	4.64444735737872e-001,-2.51679444715829e-001
2.23872113856832e+003	4.24461638329871e-001,-2.73822083857244e-001
2.51188643150956e+003	3.82325688822475e-001,-2.89445630121702e-001
2.81838293126443e+003	3.39432534247018e-001,-2.98477000277507e-001
3.16227766016836e+003	2.97137433004163e-001,-3.01197897609181e-001
3.54813389233573e+003	2.56639287068367e-001,-2.98209387420722e-001
3.98107170553494e+003	2.18890927790174e-001,-2.90353211684085e-001
4.46683592150960e+003	1.84551359443305e-001,-2.78608866554783e-001
5.01187233627269e+003	1.53982794151082e-001,-2.63989106602854e-001
5.62341325190345e+003	1.27284037292447e-001,-2.47452457111045e-001
6.30957344480189e+003	1.04345786860299e-001,-2.29842874376968e-001
7.07945784384133e+003	8.49131236912713e-002,-2.11858062494689e-001
7.94328234724276e+003	6.86439787467899e-002,-1.94041917582060e-001
8.91250938133739e+003	5.51571560315614e-002,-1.76793879231031e-001
9.99999999999992e+003	4.40677182090097e-002,-1.60387936463497e-001
1.12201845430195e+004	3.50103935314454e-002,-1.44995472873229e-001
1.25892541179416e+004	2.76531175380516e-002,-1.30708014788842e-001
1.41253754462274e+004	2.17032434463455e-002,-1.17557644152158e-001
1.58489319246110e+004	1.69087704244102e-002,-1.05534101632506e-001
1.77827941003891e+004	1.30564890871778e-002,-9.45984169636993e-002
1.99526231496886e+004	9.96844233797817e-003,-8.46933510750245e-002
2.23872113856832e+004	7.49765515476709e-003,-7.57511314497204e-002
2.51188643150956e+004	5.52373784097797e-003,-6.76990066329064e-002
2.81838293126443e+004	3.94871469074266e-003,-6.04631093715647e-002
3.16227766016835e+004	2.69325870990792e-003,-5.39710464554091e-002
3.54813389233572e+004	1.69340352331625e-003,-4.81535535001632e-002
3.98107170553494e+004	8.97737943249459e-004,-4.29454782538188e-002
4.46683592150959e+004	2.65052501882416e-004,-3.82862922078475e-002
5.01187233627268e+004	-2.37610037965096e-004,-3.41202786929183e-002
5.62341325190344e+004	-6.36553968242894e-004,-3.03965054162105e-002
6.30957344480187e+004	-9.52732698522002e-004,-2.70686588711531e-002
7.07945784384131e+004	-1.20280235095642e-003,-2.40947953526097e-002
7.94328234724274e+004	-1.39996991982573e-003,-2.14370467147770e-002
8.91250938133737e+004	-1.55467295090222e-003,-1.90613070555745e-002
9.99999999999990e+004	-1.67512189782136e-003,-1.69369180284120e-002
1.12201845430195e+005	-1.76773111876063e-003,-1.50363645596152e-002
1.25892541179415e+005	-1.83746003287743e-003,-1.33349886928048e-002
1.41253754462274e+005	-1.88808231182059e-003,-1.18107265607130e-002
1.58489319246110e+005	-1.92239814094136e-003,-1.04438716866397e-002
1.77827941003891e+005	-1.94240253058889e-003,-9.21686659718747e-003
1.99526231496886e+005	-1.94942135509930e-003,-8.11412376533651e-003
2.23872113856832e+005	-1.94422617078623e-003,-7.12187586638207e-003
2.51188643150955e+005	-1.92713874774541e-003,-6.22805385415090e-003
2.81838293126442e+005	-1.89813630250124e-003,-5.42218907228574e-003
3.16227766016835e+005	-1.85696802504221e-003,-4.69533220543859e-003
3.54813389233572e+005	-1.80329170462160e-003,-4.03997733712382e-003
3.98107170553493e+005	-1.73683487488160e-003,-3.44997433028588e-003
4.46683592150958e+005	-1.65757687180635e-003,-2.92040879789159e-003
5.01187233627267e+005	-1.56593646259430e-003,-2.44742882074281e-003
5.62341325190343e+005	-1.46293629750158e-003,-2.02800455151706e-003
6.30957344480186e+005	-1.35030522034424e-003,-1.65962295304660e-003
7.07945784384130e+005	-1.23047926470687e-003,-1.33994342130491e-003
7.94328234724273e+005	-1.10647743615366e-003,-1.06646368782324e-003
8.91250938133736e+005	-9.81658507557150e-004,-8.36257903181149e-004
9.99999999999989e+005	-8.59400552636123e-004,-6.45840613965779e-004
1.12201845430195e+006	-7.42770496823551e-004,-4.91180772574468e-004
1.25892541179415e+006	-6.34253995000493e-004,-3.67849840844533e-004
1.41253754462274e+006	-5.35594864331663e-004,-2.71254551447598e-004
1.58489319246110e+006	-4.47758602675610e-004,-1.96891133150586e-004
1.77827941003890e+006	-3.71001759990559e-004,-1.40565932694436e-004
1.99526231496886e+006	-3.05009519808603e-004,-9.85493702326149e-005
2.23872113856831e+006	-2.49060464536075e-004,-6.76545238981362e-005
2.51188643150955e+006	-2.02185697064998e-004,-4.52498271826260e-005
2.81838293126442e+006	-1.63302371913987e-004,-2.92243961828632e-005
3.16227766016834e+006	-1.31313738048608e-004,-1.79257537660604e-005
3.54813389233571e+006	-1.05176302244886e-004,-1.00863543985789e-005
3.98107170553492e+006	-8.39393241658429e-005,-4.75030299519633e-006
4.46683592150958e+006	-6.67634275810063e-005,-1.20691202861705e-006
5.01187233627266e+006	-5.29248361122353e-005,1.06589857464767e-006
5.62341325190342e+006	-4.18106012873217e-005,2.44774650701546e-006
6.30957344480185e+006	-3.29088281621736e-005,3.21221745749068e-006
7.07945784384129e+006	-2.57966583999457e-005,3.55493986220685e-006
7.94328234724271e+006	-2.01277749715847e-005,3.61482614251018e-006
8.91250938133734e+006	-1.56204631031786e-005,3.48991714127364e-006
1.00000000000000e+007	-1.20467627610760e-005,3.24906840076351e-006
Step Information: K=400m  (Run: 3/7)
1.00000000000000e-001	7.93030438202080e-008,2.51827279629114e-004
1.12201845430196e-001	9.98366151054946e-008,2.82554848593666e-004
1.25892541179417e-001	1.25686848626093e-007,3.17031745368158e-004
1.41253754462275e-001	1.58230362659054e-007,3.55715456039457e-004
1.58489319246111e-001	1.99200216537037e-007,3.99119287986990e-004
1.77827941003892e-001	2.50778202062239e-007,4.47819180923854e-004
1.99526231496888e-001	3.15711031376296e-007,5.02461348933605e-004
2.23872113856834e-001	3.97456608606102e-007,5.63770854867753e-004
2.51188643150958e-001	5.00368174613170e-007,6.32561230824294e-004
2.81838293126445e-001	6.29926130955113e-007,7.09745272285056e-004
3.16227766016838e-001	7.93029888101309e-007,7.96347149030339e-004
3.54813389233575e-001	9.98365279204166e-007,8.93515993375470e-004
3.98107170553497e-001	1.25686710447094e-006,1.00254114581110e-003
4.46683592150963e-001	1.58230143660174e-006,1.12486926002871e-003
5.01187233627272e-001	1.99199869447352e-006,1.26212349385399e-003
5.62341325190348e-001	2.50777651962457e-006,1.41612504010390e-003
6.30957344480192e-001	3.15710159527489e-006,1.58891728216970e-003
7.07945784384137e-001	3.97455226820046e-006,1.78279289358624e-003
7.94328234724280e-001	5.00365984632216e-006,2.00032423938882e-003
8.91250938133744e-001	6.29922660073917e-006,2.24439748013176e-003
9.99999999999999e-001	7.93024387134727e-006,2.51825082752991e-003
1.12201845430196e+000	9.98356560778425e-006,2.82551745429804e-003
1.25892541179417e+000	1.25685328673474e-005,3.17027362043619e-003
1.41253754462275e+000	1.58227953704033e-005,3.55709264448401e-003
1.58489319246111e+000	1.99196398615664e-005,3.99110542166705e-003
1.77827941003892e+000	2.50772151094654e-005,4.47806827185769e-003
1.99526231496888e+000	3.15701441298837e-005,5.02443898923974e-003
2.23872113856834e+000	3.97441409477086e-005,5.63746206268237e-003
2.51188643150958e+000	5.00344085855417e-005,6.32526414097463e-003
2.81838293126445e+000	6.29887953322508e-005,7.09696092965444e-003
3.16227766016837e+000	7.92969381580155e-005,7.96277682487191e-003
3.54813389233575e+000	9.98269384723861e-005,8.93417871217384e-003
3.98107170553496e+000	1.25671512573911e-004,1.00240254803248e-002
4.46683592150962e+000	1.58206057408036e-004,1.12467349160398e-002
5.01187233627271e+000	1.99161696813849e-004,1.26184697452399e-002
5.62341325190348e+000	2.50717155415177e-004,1.41573446558552e-002
6.30957344480192e+000	3.15614284946059e-004,1.58836561552364e-002
7.07945784384136e+000	3.97303287787629e-004,1.78201370512332e-002
7.94328234724279e+000	5.00125201311365e-004,1.99922371557423e-002
8.91250938133743e+000	6.29541091739089e-004,2.24284314296982e-002
9.99999999999997e+000	7.92419736849410e-004,2.51605561290174e-002
1.12201845430196e+001	9.97398443684198e-004,2.82241724445550e-002
1.25892541179416e+001	1.25533515046626e-003,3.16589554766552e-002
1.41253754462275e+001	1.57987420498321e-003,3.55091038962125e-002
1.58489319246111e+001	1.98815329070461e-003,3.98237619721594e-002
1.77827941003892e+001	2.50168495383838e-003,4.46574403120439e-002
1.99526231496887e+001	3.14745307031814e-003,5.00704140164092e-002
2.23872113856833e+001	3.95927225431376e-003,5.61290661120682e-002
2.51188643150957e+001	4.97946629396487e-003,6.29061289429382e-002
2.81838293126444e+001	6.26092946387200e-003,7.04807551567140e-002
3.16227766016837e+001	7.86964063647375e-003,7.89383211470462e-002
3.54813389233574e+001	9.88770213417455e-003,8.83698270440451e-002
3.98107170553496e+001	1.24169693598309e-002,9.88707061123618e-002
4.46683592150961e+001	1.55833173254060e-002,1.10538790385690e-001
5.01187233627270e+001	1.95415470602743e-002,1.23471097169076e-001
5.62341325190347e+001	2.44808551967361e-002,1.37759003812152e-001
6.30957344480191e+001	3.06306555392195e-002,1.53481272242914e-001
7.07945784384135e+001	3.82663289526601e-002,1.70694286070621e-001
7.94328234724278e+001	4.77141615496939e-002,1.89418803534375e-001
8.91250938133742e+001	5.93542888829823e-002,2.09622565425711e-001
9.99999999999995e+001	7.36198919117608e-002,2.31198317356436e-001
1.12201845430196e+002	9.09902296047358e-002,2.53937335685730e-001
1.25892541179416e+002	1.11974468309895e-001,2.77499535662005e-001
1.41253754462275e+002	1.37082937512161e-001,3.01382817742750e-001
1.58489319246111e+002	1.66782830266970e-001,3.24896482970439e-001
1.77827941003891e+002	2.01437034593404e-001,3.47146049405225e-001
1.99526231496887e+002	2.41228249064705e-001,3.67038891065193e-001
2.23872113856833e+002	2.86075896163634e-001,3.83320511069277e-001
2.51188643150957e+002	3.35559728255673e-001,3.94648361092410e-001
2.81838293126444e+002	3.88869189496861e-001,3.99702822910000e-001
3.16227766016836e+002	4.44798273583667e-001,3.97323878139234e-001
3.54813389233574e+002	5.01798967689371e-001,3.86650367832795e-001
3.98107170553495e+002	5.58092315472150e-001,3.67231976589537e-001
4.46683592150961e+002	6.11818876522712e-001,3.39087071657771e-001
5.01187233627270e+002	6.61197264128204e-001,3.02693162187597e-001
5.62341325190346e+002	7.04657017511331e-001,2.58916197797003e-001
6.30957344480190e+002	7.40921746784691e-001,2.08901898417214e-001
7.07945784384134e+002	7.69035651035708e-001,1.53959877762600e-001
7.94328234724277e+002	7.88343543231219e-001,9.54677147528162e-002
8.91250938133740e+002	7.98445332529895e-001,3.48107120417467e-002
9.99999999999994e+002	7.99148464970343e-001,-2.66406383991055e-002
1.12201845430196e+003	7.90437544581072e-001,-8.75250348775615e-002
1.25892541179416e+003	7.72472017223587e-001,-1.46473455040246e-001
1.41253754462275e+003	7.45612758244233e-001,-2.02100480732490e-001
1.58489319246110e+003	7.10468245139634e-001,-2.53021482557715e-001
1.77827941003891e+003	6.67942226711789e-001,-2.97906738895714e-001
1.99526231496887e+003	6.19259647650497e-001,-3.35572592954438e-001
2.23872113856832e+003	5.65948851106494e-001,-3.65096111809659e-001
2.51188643150956e+003	5.09767585096633e-001,-3.85927506828936e-001
2.81838293126443e+003	4.52576712329357e-001,-3.97969333703342e-001
3.16227766016836e+003	3.96183244005550e-001,-4.01597196812241e-001
3.54813389233573e+003	3.42185716091156e-001,-3.97612516560963e-001
3.98107170553494e+003	2.91854570386899e-001,-3.87137615578780e-001
4.46683592150960e+003	2.46068479257740e-001,-3.71478488739711e-001
5.01187233627269e+003	2.05310392201443e-001,-3.51985475470472e-001
5.62341325190345e+003	1.69712049723263e-001,-3.29936609481394e-001
6.30957344480189e+003	1.39127715813732e-001,-3.06457165835958e-001
7.07945784384133e+003	1.13217498255028e-001,-2.82477416659585e-001
7.94328234724276e+003	9.15253049957198e-002,-2.58722556776080e-001
8.91250938133739e+003	7.35428747087486e-002,-2.35725172308041e-001
9.99999999999992e+003	5.87569576120129e-002,-2.13850581951329e-001
1.12201845430195e+004	4.66805247085938e-002,-1.93327297164306e-001
1.25892541179416e+004	3.68708233840688e-002,-1.74277353051789e-001
1.41253754462274e+004	2.89376579284606e-002,-1.56743525536211e-001
1.58489319246110e+004	2.25450272325470e-002,-1.40712135510008e-001
1.77827941003891e+004	1.74086521162371e-002,-1.26131222618266e-001
1.99526231496886e+004	1.32912564506376e-002,-1.12924468100033e-001
2.23872113856832e+004	9.99687353968945e-003,-1.01001508599627e-001
2.51188643150956e+004	7.36498378797063e-003,-9.02653421772085e-002
2.81838293126443e+004	5.26495292099021e-003,-8.06174791620862e-002
3.16227766016835e+004	3.59101161321056e-003,-7.19613952738788e-002
3.54813389233572e+004	2.25787136442167e-003,-6.42047380002176e-002
3.98107170553494e+004	1.19698392433261e-003,-5.72606376717583e-002
4.46683592150959e+004	3.53403335843222e-004,-5.10483896104633e-002
5.01187233627268e+004	-3.16813383953462e-004,-4.54937049238911e-002
5.62341325190344e+004	-8.48738624323859e-004,-4.05286738882807e-002
6.30957344480187e+004	-1.27031026469600e-003,-3.60915451615375e-002
7.07945784384131e+004	-1.60373646794189e-003,-3.21263938034796e-002
7.94328234724274e+004	-1.86662655976764e-003,-2.85827289530360e-002
8.91250938133737e+004	-2.07289726786962e-003,-2.54150760740993e-002
9.99999999999990e+004	-2.23349586376181e-003,-2.25825573712161e-002
1.12201845430195e+005	-2.35697482501417e-003,-2.00484860794869e-002
1.25892541179415e+005	-2.44994671050324e-003,-1.77799849237397e-002
1.41253754462274e+005	-2.51744308242745e-003,-1.57476354142840e-002
1.58489319246110e+005	-2.56319752125515e-003,-1.39251622488529e-002
1.77827941003891e+005	-2.58987004078519e-003,-1.22891554629166e-002
1.99526231496886e+005	-2.59922847346573e-003,-1.08188316871153e-002
2.23872113856832e+005	-2.59230156104831e-003,-9.49583448850942e-003
2.51188643150955e+005	-2.56951833032722e-003,-8.30407180553453e-003
2.81838293126442e+005	-2.53084840333499e-003,-7.22958542971432e-003
3.16227766016835e+005	-2.47595736672294e-003,-6.26044294058479e-003
3.54813389233572e+005	-2.40438893949546e-003,-5.38663644949842e-003
3.98107170553493e+005	-2.31577983317547e-003,-4.59996577371451e-003
4.46683592150958e+005	-2.21010249574180e-003,-3.89387839718879e-003
5.01187233627267e+005	-2.08791528345907e-003,-3.26323842765708e-003
5.62341325190343e+005	-1.95058173000210e-003,-2.70400606868941e-003
6.30957344480186e+005	-1.80040696045898e-003,-2.21283060406213e-003
7.07945784384130e+005	-1.64063901960916e-003,-1.78659122840654e-003
7.94328234724273e+005	-1.47530324820487e-003,-1.42195158376432e-003
8.91250938133736e+005	-1.30887801007620e-003,-1.11501053757487e-003
9.99999999999989e+005	-1.14586740351483e-003,-8.61120818621039e-004
1.12201845430195e+006	-9.90360662431401e-004,-6.54907696765958e-004
1.25892541179415e+006	-8.45671993333991e-004,-4.90466454459378e-004
1.41253754462274e+006	-7.14126485775551e-004,-3.61672735263464e-004
1.58489319246110e+006	-5.97011470234146e-004,-2.62521510867448e-004
1.77827941003890e+006	-4.94669013320746e-004,-1.87421243592581e-004
1.99526231496886e+006	-4.06679359744803e-004,-1.31399160310153e-004
2.23872113856831e+006	-3.32080619381433e-004,-9.02060318641816e-005
2.51188643150955e+006	-2.69580929419997e-004,-6.03331029101679e-005
2.81838293126442e+006	-2.17736495885316e-004,-3.89658615771509e-005
3.16227766016834e+006	-1.75084984064811e-004,-2.39010050214139e-005
3.54813389233571e+006	-1.40235069659848e-004,-1.34484725314386e-005
3.98107170553492e+006	-1.11919098887790e-004,-6.33373732692844e-006
4.46683592150958e+006	-8.90179034413417e-005,-1.60921603815607e-006
5.01187233627266e+006	-7.05664481496470e-005,1.42119809953022e-006
5.62341325190342e+006	-5.57474683830956e-005,3.26366200935395e-006
6.30957344480185e+006	-4.38784375495648e-005,4.28295660998758e-006
7.07945784384129e+006	-3.43955445332609e-005,4.73991981627579e-006
7.94328234724271e+006	-2.68370332954463e-005,4.81976819001358e-006
8.91250938133734e+006	-2.08272841375714e-005,4.65322285503152e-006
1.00000000000000e+007	-1.60623503481014e-005,4.33209120101802e-006
Step Information: K=500m  (Run: 4/7)
1.00000000000000e-001	9.91288047752600e-008,3.14784099536393e-004
1.12201845430196e-001	1.24795768881868e-007,3.53193560742083e-004
1.25892541179417e-001	1.57108560782616e-007,3.96289681710197e-004
1.41253754462275e-001	1.97787953323818e-007,4.44644320049321e-004
1.58489319246111e-001	2.49000270671297e-007,4.98899109983738e-004
1.77827941003892e-001	3.13472752577799e-007,5.59773976154818e-004
1.99526231496888e-001	3.94638789220371e-007,6.28076686167006e-004
2.23872113856834e-001	4.96820760757628e-007,7.04713568584691e-004
2.51188643150958e-001	6.25460218266462e-007,7.90701538530367e-004
2.81838293126445e-001	7.87407663693891e-007,8.87181590356320e-004
3.16227766016838e-001	9.91287360126636e-007,9.95433936287924e-004
3.54813389233575e-001	1.24795659900521e-006,1.11689499171934e-003
3.98107170553497e-001	1.57108388058867e-006,1.25317643226388e-003
4.46683592150963e-001	1.97787679575217e-006,1.40608657503588e-003
5.01187233627272e-001	2.48999836809190e-006,1.57765436731748e-003
5.62341325190348e-001	3.13472064953071e-006,1.77015630012987e-003
6.30957344480192e-001	3.94637699409362e-006,1.98614660271212e-003
7.07945784384137e-001	4.96819033525057e-006,2.22849111698280e-003
7.94328234724280e-001	6.25457480790270e-006,2.50040529923603e-003
8.91250938133744e-001	7.87403325092397e-006,2.80549685016469e-003
9.99999999999999e-001	9.91280483918408e-006,3.14781353441239e-003
1.12201845430196e+000	1.24794570097303e-005,3.53189681787255e-003
1.25892541179417e+000	1.57106660841842e-005,3.96284202554524e-003
1.41253754462275e+000	1.97784942130041e-005,4.44636580560501e-003
1.58489319246111e+000	2.48995498269580e-005,4.98888177708381e-003
1.77827941003892e+000	3.13465188868317e-005,5.59758533982211e-003
1.99526231496888e+000	3.94626801623547e-005,6.28054873654968e-003
2.23872113856834e+000	4.96801761846357e-005,7.04682757835296e-003
2.51188643150958e+000	6.25430107319271e-005,7.90658017621828e-003
2.81838293126445e+000	7.87359941653135e-005,8.87120116206806e-003
3.16227766016837e+000	9.91211726975194e-005,9.95347103108989e-003
3.54813389233575e+000	1.24783673090483e-004,1.11677233902173e-002
3.98107170553496e+000	1.57089390717389e-004,1.25300318504060e-002
4.46683592150962e+000	1.97757571760044e-004,1.40584186450498e-002
5.01187233627271e+000	2.48952121017311e-004,1.57730871815499e-002
5.62341325190348e+000	3.13396444268972e-004,1.76966808198190e-002
6.30957344480192e+000	3.94517856182574e-004,1.98545701940455e-002
7.07945784384136e+000	4.96629109734536e-004,2.22751713140415e-002
7.94328234724279e+000	6.25156501639207e-004,2.49902964446779e-002
8.91250938133743e+000	7.86926364673861e-004,2.80355392871228e-002
9.99999999999997e+000	9.90524671061763e-004,3.14506951612717e-002
1.12201845430196e+001	1.24674805460525e-003,3.52802155556937e-002
1.25892541179416e+001	1.56916893808282e-003,3.95736943458189e-002
1.41253754462275e+001	1.97484275622902e-003,4.43863798702656e-002
1.58489319246111e+001	2.48519161338076e-003,4.97797024651992e-002
1.77827941003892e+001	3.12710619229798e-003,5.58218003900548e-002
1.99526231496887e+001	3.93431633789767e-003,6.25880175205114e-002
2.23872113856833e+001	4.94909031789220e-003,7.01613326400853e-002
2.51188643150957e+001	6.22433286745609e-003,7.86326611786727e-002
2.81838293126444e+001	7.82616182984000e-003,8.81009439458925e-002
3.16227766016837e+001	9.83705079559219e-003,9.86729014338078e-002
3.54813389233574e+001	1.23596276677182e-002,1.10462283805056e-001
3.98107170553496e+001	1.55212116997887e-002,1.23588382640452e-001
4.46683592150961e+001	1.94791466567575e-002,1.38173487982113e-001
5.01187233627270e+001	2.44269338253428e-002,1.54338871461346e-001
5.62341325190347e+001	3.06010689959201e-002,1.72198754765190e-001
6.30957344480191e+001	3.82883194240244e-002,1.91851590303643e-001
7.07945784384135e+001	4.78329111908251e-002,2.13367857588277e-001
7.94328234724278e+001	5.96427019371174e-002,2.36773504417969e-001
8.91250938133742e+001	7.41928611037278e-002,2.62028206782139e-001
9.99999999999995e+001	9.20248648897010e-002,2.88997896695546e-001
1.12201845430196e+002	1.13737787005920e-001,3.17421669607163e-001
1.25892541179416e+002	1.39968085387369e-001,3.46874419577507e-001
1.41253754462275e+002	1.71353671890202e-001,3.76728522178438e-001
1.58489319246111e+002	2.08478537833713e-001,4.06120603713049e-001
1.77827941003891e+002	2.51796293241755e-001,4.33932561756531e-001
1.99526231496887e+002	3.01535311330882e-001,4.58798613831491e-001
2.23872113856833e+002	3.57594870204543e-001,4.79150638836597e-001
2.51188643150957e+002	4.19449660319591e-001,4.93310451365512e-001
2.81838293126444e+002	4.86086486871076e-001,4.99628528637500e-001
3.16227766016836e+002	5.55997841979584e-001,4.96654847674042e-001
3.54813389233574e+002	6.27248709611714e-001,4.83312959790994e-001
3.98107170553495e+002	6.97615394340187e-001,4.59039970736922e-001
4.46683592150961e+002	7.64773595653390e-001,4.23858839572214e-001
5.01187233627270e+002	8.26496580160256e-001,3.78366452734497e-001
5.62341325190346e+002	8.80821271889164e-001,3.23645247246254e-001
6.30957344480190e+002	9.26152183480864e-001,2.61127373021517e-001
7.07945784384134e+002	9.61294563794635e-001,1.92449847203250e-001
7.94328234724277e+002	9.85429429039024e-001,1.19334643441020e-001
8.91250938133740e+002	9.98056665662369e-001,4.35133900521834e-002
9.99999999999994e+002	9.98935581212929e-001,-3.33007979988819e-002
1.12201845430196e+003	9.88046930726340e-001,-1.09406293596952e-001
1.25892541179416e+003	9.65590021529484e-001,-1.83091818800307e-001
1.41253754462275e+003	9.32015947805291e-001,-2.52625600915612e-001
1.58489319246110e+003	8.88085306424543e-001,-3.16276853197144e-001
1.77827941003891e+003	8.34927783389736e-001,-3.72383423619643e-001
1.99526231496887e+003	7.74074559563121e-001,-4.19465741193048e-001
2.23872113856832e+003	7.07436063883117e-001,-4.56370139762074e-001
2.51188643150956e+003	6.37209481370792e-001,-4.82409383536170e-001
2.81838293126443e+003	5.65720890411697e-001,-4.97461667129178e-001
3.16227766016836e+003	4.95229055006938e-001,-5.01996496015301e-001
3.54813389233573e+003	4.27732145113945e-001,-4.97015645701203e-001
3.98107170553494e+003	3.64818212983624e-001,-4.83922019473475e-001
4.46683592150960e+003	3.07585599072175e-001,-4.64348110924639e-001
5.01187233627269e+003	2.56637990251804e-001,-4.39981844338090e-001
5.62341325190345e+003	2.12140062154079e-001,-4.12420761851742e-001
6.30957344480189e+003	1.73909644767165e-001,-3.83071457294947e-001
7.07945784384133e+003	1.41521872818786e-001,-3.53096770824481e-001
7.94328234724276e+003	1.14406631244650e-001,-3.23403195970100e-001
8.91250938133739e+003	9.19285933859358e-002,-2.94656465385051e-001
9.99999999999992e+003	7.34461970150162e-002,-2.67313227439161e-001
1.12201845430195e+004	5.83506558857423e-002,-2.41659121455382e-001
1.25892541179416e+004	4.60885292300860e-002,-2.17846691314736e-001
1.41253754462274e+004	3.61720724105758e-002,-1.95929406920263e-001
1.58489319246110e+004	2.81812840406837e-002,-1.75890169387510e-001
1.77827941003891e+004	2.17608151452964e-002,-1.57664028272832e-001
1.99526231496886e+004	1.66140705632970e-002,-1.41155585125041e-001
2.23872113856832e+004	1.24960919246118e-002,-1.26251885749534e-001
2.51188643150956e+004	9.20622973496328e-003,-1.12831677721511e-001
2.81838293126443e+004	6.58119115123777e-003,-1.00771848952608e-001
3.16227766016835e+004	4.48876451651320e-003,-8.99517440923485e-002
3.54813389233572e+004	2.82233920552708e-003,-8.02559225002720e-002
3.98107170553494e+004	1.49622990541577e-003,-7.15757970896979e-002
4.46683592150959e+004	4.41754169804027e-004,-6.38104870130791e-002
5.01187233627268e+004	-3.96016729941827e-004,-5.68671311548639e-002
5.62341325190344e+004	-1.06092328040482e-003,-5.06608423603508e-002
6.30957344480187e+004	-1.58788783087000e-003,-4.51144314519218e-002
7.07945784384131e+004	-2.00467058492736e-003,-4.01579922543496e-002
7.94328234724274e+004	-2.33328319970955e-003,-3.57284111912950e-002
8.91250938133737e+004	-2.59112158483703e-003,-3.17688450926242e-002
9.99999999999990e+004	-2.79186982970227e-003,-2.82281967140201e-002
1.12201845430195e+005	-2.94621853126772e-003,-2.50606075993587e-002
1.25892541179415e+005	-3.06243338812905e-003,-2.22249811546746e-002
1.41253754462274e+005	-3.14680385303431e-003,-1.96845442678550e-002
1.58489319246110e+005	-3.20399690156893e-003,-1.74064528110661e-002
1.77827941003891e+005	-3.23733755098149e-003,-1.53614443286458e-002
1.99526231496886e+005	-3.24903559183217e-003,-1.35235396088942e-002
2.23872113856832e+005	-3.24037695131039e-003,-1.18697931106368e-002
2.51188643150955e+005	-3.21189791290902e-003,-1.03800897569182e-002
2.81838293126442e+005	-3.16356050416874e-003,-9.03698178714290e-003
3.16227766016835e+005	-3.09494670840368e-003,-7.82555367573099e-003
3.54813389233572e+005	-3.00548617436932e-003,-6.73329556187303e-003
3.98107170553493e+005	-2.89472479146934e-003,-5.74995721714313e-003
4.46683592150958e+005	-2.76262811967725e-003,-4.86734799648599e-003
5.01187233627267e+005	-2.60989410432384e-003,-4.07904803457135e-003
5.62341325190343e+005	-2.43822716250263e-003,-3.38000758586176e-003
6.30957344480186e+005	-2.25050870057373e-003,-2.76603825507767e-003
7.07945784384130e+005	-2.05079877451145e-003,-2.23323903550818e-003
7.94328234724273e+005	-1.84412906025609e-003,-1.77743947970540e-003
8.91250938133736e+005	-1.63609751259525e-003,-1.39376317196858e-003
9.99999999999989e+005	-1.43233425439354e-003,-1.07640102327630e-003
1.12201845430195e+006	-1.23795082803925e-003,-8.18634620957447e-004
1.25892541179415e+006	-1.05708999166749e-003,-6.13083068074222e-004
1.41253754462274e+006	-8.92658107219438e-004,-4.52090919079329e-004
1.58489319246110e+006	-7.46264337792683e-004,-3.28151888584310e-004
1.77827941003890e+006	-6.18336266650932e-004,-2.34276554490727e-004
1.99526231496886e+006	-5.08349199681004e-004,-1.64248950387692e-004
2.23872113856831e+006	-4.15100774226791e-004,-1.12757539830227e-004
2.51188643150955e+006	-3.36976161774997e-004,-7.54163786377099e-005
2.81838293126442e+006	-2.72170619856645e-004,-4.87073269714387e-005
3.16227766016834e+006	-2.18856230081013e-004,-2.98762562767674e-005
3.54813389233571e+006	-1.75293837074811e-004,-1.68105906642982e-005
3.98107170553492e+006	-1.39898873609738e-004,-7.91717165866055e-006
4.46683592150958e+006	-1.11272379301677e-004,-2.01152004769508e-006
5.01187233627266e+006	-8.82080601870588e-005,1.77649762441278e-006
5.62341325190342e+006	-6.96843354788696e-005,4.07957751169244e-006
6.30957344480185e+006	-5.48480469369560e-005,5.35369576248447e-006
7.07945784384129e+006	-4.29944306665762e-005,5.92489977034474e-006
7.94328234724271e+006	-3.35462916193079e-005,6.02471023751697e-006
8.91250938133734e+006	-2.60341051719642e-005,5.81652856878940e-006
1.00000000000000e+007	-2.00779379351267e-005,5.41511400127252e-006
Step Information: K=600m  (Run: 5/7)
1.00000000000000e-001	1.18954565730312e-007,3.77740919443671e-004
1.12201845430196e-001	1.49754922658242e-007,4.23832272890499e-004
1.25892541179417e-001	1.88530272939139e-007,4.75547618052237e-004
1.41253754462275e-001	2.37345543988581e-007,5.33573184059185e-004
1.58489319246111e-001	2.98800324805556e-007,5.98678931980485e-004
1.77827941003892e-001	3.76167303093359e-007,6.71728771385781e-004
1.99526231496888e-001	4.73566547064444e-007,7.53692023400407e-004
2.23872113856834e-001	5.96184912909153e-007,8.45656282301629e-004
2.51188643150958e-001	7.50552261919755e-007,9.48841846236441e-004
2.81838293126445e-001	9.44889196432669e-007,1.06461790842758e-003
3.16227766016838e-001	1.18954483215196e-006,1.19452072354551e-003
3.54813389233575e-001	1.49754791880625e-006,1.34027399006320e-003
3.98107170553497e-001	1.88530065670641e-006,1.50381171871666e-003
4.46683592150963e-001	2.37345215490261e-006,1.68730389004306e-003
5.01187233627272e-001	2.98799804171028e-006,1.89318524078098e-003
5.62341325190348e-001	3.76166477943685e-006,2.12418756015585e-003
6.30957344480192e-001	4.73565239291234e-006,2.38337592325454e-003
7.07945784384137e-001	5.96182840230069e-006,2.67418934037936e-003
7.94328234724280e-001	7.50548976948324e-006,3.00048635908324e-003
8.91250938133744e-001	9.44883990110876e-006,3.36659622019763e-003
9.99999999999999e-001	1.18953658070209e-005,3.77737624129486e-003
1.12201845430196e+000	1.49753484116764e-005,4.23827618144706e-003
1.25892541179417e+000	1.88527993010210e-005,4.75541043065429e-003
1.41253754462275e+000	2.37341930556050e-005,5.33563896672601e-003
1.58489319246111e+000	2.98794597923496e-005,5.98665813250057e-003
1.77827941003892e+000	3.76158226641981e-005,6.71710240778653e-003
1.99526231496888e+000	4.73552161948256e-005,7.53665848385961e-003
2.23872113856834e+000	5.96162114215628e-005,8.45619309402355e-003
2.51188643150958e+000	7.50516128783125e-005,9.48789621146194e-003
2.81838293126445e+000	9.44831929983762e-005,1.06454413944817e-002
3.16227766016837e+000	1.18945407237023e-004,1.19441652373079e-002
3.54813389233575e+000	1.49740407708579e-004,1.34012680682608e-002
3.98107170553496e+000	1.88507268860866e-004,1.50360382204872e-002
4.46683592150962e+000	2.37309086112053e-004,1.68701023740598e-002
5.01187233627271e+000	2.98742545220774e-004,1.89277046178599e-002
5.62341325190348e+000	3.76075733122766e-004,2.12360169837828e-002
6.30957344480192e+000	4.73421427419088e-004,2.38254842328546e-002
7.07945784384136e+000	5.95954931681443e-004,2.67302055768498e-002
7.94328234724279e+000	7.50187801967048e-004,2.99883557336134e-002
8.91250938133743e+000	9.44311637608633e-004,3.36426471445473e-002
9.99999999999997e+000	1.18862960527412e-003,3.77408341935261e-002
1.12201845430196e+001	1.49609766552630e-003,4.23362586668324e-002
1.25892541179416e+001	1.88300272569939e-003,4.74884332149827e-002
1.41253754462275e+001	2.36981130747482e-003,5.32636558443187e-002
1.58489319246111e+001	2.98222993605691e-003,5.97356429582390e-002
1.77827941003892e+001	3.75252743075757e-003,6.69861604680658e-002
1.99526231496887e+001	4.72117960547721e-003,7.51056210246137e-002
2.23872113856833e+001	5.93890838147064e-003,8.41935991681023e-002
2.51188643150957e+001	7.46919944094731e-003,9.43591934144072e-002
2.81838293126444e+001	9.39139419580800e-003,1.05721132735071e-001
3.16227766016837e+001	1.18044609547106e-002,1.18407481720569e-001
3.54813389233574e+001	1.48315532012618e-002,1.32554740566068e-001
3.98107170553496e+001	1.86254540397464e-002,1.48306059168543e-001
4.46683592150961e+001	2.33749759881090e-002,1.65808185578535e-001
5.01187233627270e+001	2.93123205904114e-002,1.85206645753615e-001
5.62341325190347e+001	3.67212827951041e-002,2.06638505718228e-001
6.30957344480191e+001	4.59459833088292e-002,2.30221908364372e-001
7.07945784384135e+001	5.73994934289902e-002,2.56041429105932e-001
7.94328234724278e+001	7.15712423245408e-002,2.84128205301563e-001
8.91250938133742e+001	8.90314333244734e-002,3.14433848138566e-001
9.99999999999995e+001	1.10429837867641e-001,3.46797476034655e-001
1.12201845430196e+002	1.36485344407104e-001,3.80906003528595e-001
1.25892541179416e+002	1.67961702464843e-001,4.16249303493008e-001
1.41253754462275e+002	2.05624406268242e-001,4.52074226614125e-001
1.58489319246111e+002	2.50174245400455e-001,4.87344724455659e-001
1.77827941003891e+002	3.02155551890105e-001,5.20719074107838e-001
1.99526231496887e+002	3.61842373597058e-001,5.50558336597789e-001
2.23872113856833e+002	4.29113844245451e-001,5.74980766603916e-001
2.51188643150957e+002	5.03339592383509e-001,5.91972541638614e-001
2.81838293126444e+002	5.83303784245291e-001,5.99554234365000e-001
3.16227766016836e+002	6.67197410375500e-001,5.95985817208851e-001
3.54813389233574e+002	7.52698451534057e-001,5.79975551749192e-001
3.98107170553495e+002	8.37138473208225e-001,5.50847964884306e-001
4.46683592150961e+002	9.17728314784067e-001,5.08630607486656e-001
5.01187233627270e+002	9.91795896192307e-001,4.54039743281396e-001
5.62341325190346e+002	1.05698552626700e+000,3.88374296695505e-001
6.30957344480190e+002	1.11138262017704e+000,3.13352847625821e-001
7.07945784384134e+002	1.15355347655356e+000,2.30939816643901e-001
7.94328234724277e+002	1.18251531484683e+000,1.43201572129225e-001
8.91250938133740e+002	1.19766799879484e+000,5.22160680626201e-002
9.99999999999994e+002	1.19872269745551e+000,-3.99609575986583e-002
1.12201845430196e+003	1.18565631687161e+000,-1.31287552316342e-001
1.25892541179416e+003	1.15870802583538e+000,-2.19710182560368e-001
1.41253754462275e+003	1.11841913736635e+000,-3.03150721098734e-001
1.58489319246110e+003	1.06570236770945e+000,-3.79532223836572e-001
1.77827941003891e+003	1.00191334006768e+000,-4.46860108343571e-001
1.99526231496887e+003	9.28889471475745e-001,-5.03358889431657e-001
2.23872113856832e+003	8.48923276659741e-001,-5.47644167714489e-001
2.51188643150956e+003	7.64651377644950e-001,-5.78891260243404e-001
2.81838293126443e+003	6.78865068494036e-001,-5.96954000555013e-001
3.16227766016836e+003	5.94274866008326e-001,-6.02395795218362e-001
3.54813389233573e+003	5.13278574136734e-001,-5.96418774841444e-001
3.98107170553494e+003	4.37781855580349e-001,-5.80706423368170e-001
4.46683592150960e+003	3.69102718886611e-001,-5.57217733109566e-001
5.01187233627269e+003	3.07965588302165e-001,-5.27978213205708e-001
5.62341325190345e+003	2.54568074584895e-001,-4.94904914222091e-001
6.30957344480189e+003	2.08691573720598e-001,-4.59685748753937e-001
7.07945784384133e+003	1.69826247382543e-001,-4.23716124989377e-001
7.94328234724276e+003	1.37287957493580e-001,-3.88083835164120e-001
8.91250938133739e+003	1.10314312063123e-001,-3.53587758462061e-001
9.99999999999992e+003	8.81354364180194e-002,-3.20775872926993e-001
1.12201845430195e+004	7.00207870628907e-002,-2.89990945746459e-001
1.25892541179416e+004	5.53062350761032e-002,-2.61416029577683e-001
1.41253754462274e+004	4.34064868926910e-002,-2.35115288304316e-001
1.58489319246110e+004	3.38175408488205e-002,-2.11068203265012e-001
1.77827941003891e+004	2.61129781743557e-002,-1.89196833927399e-001
1.99526231496886e+004	1.99368846759563e-002,-1.69386702150049e-001
2.23872113856832e+004	1.49953103095342e-002,-1.51502262899441e-001
2.51188643150956e+004	1.10474756819559e-002,-1.35398013265813e-001
2.81838293126443e+004	7.89742938148532e-003,-1.20926218743129e-001
3.16227766016835e+004	5.38651741981584e-003,-1.07942092910818e-001
3.54813389233572e+004	3.38680704663250e-003,-9.63071070003265e-002
3.98107170553494e+004	1.79547588649892e-003,-8.58909565076375e-002
4.46683592150959e+004	5.30105003764833e-004,-7.65725844156950e-002
5.01187233627268e+004	-4.75220075930192e-004,-6.82405573858366e-002
5.62341325190344e+004	-1.27310793648579e-003,-6.07930108324210e-002
6.30957344480187e+004	-1.90546539704400e-003,-5.41373177423062e-002
7.07945784384131e+004	-2.40560470191284e-003,-4.81895907052195e-002
7.94328234724274e+004	-2.79993983965146e-003,-4.28740934295540e-002
8.91250938133737e+004	-3.10934590180443e-003,-3.81226141111490e-002
9.99999999999990e+004	-3.35024379564272e-003,-3.38738360568241e-002
1.12201845430195e+005	-3.53546223752126e-003,-3.00727291192304e-002
1.25892541179415e+005	-3.67492006575486e-003,-2.66699773856095e-002
1.41253754462274e+005	-3.77616462364117e-003,-2.36214531214261e-002
1.58489319246110e+005	-3.84479628188272e-003,-2.08877433732794e-002
1.77827941003891e+005	-3.88480506117779e-003,-1.84337331943749e-002
1.99526231496886e+005	-3.89884271019860e-003,-1.62282475306730e-002
2.23872113856832e+005	-3.88845234157246e-003,-1.42437517327641e-002
2.51188643150955e+005	-3.85427749549083e-003,-1.24561077083018e-002
2.81838293126442e+005	-3.79627260500249e-003,-1.08443781445715e-002
3.16227766016835e+005	-3.71393605008442e-003,-9.39066441087719e-003
3.54813389233572e+005	-3.60658340924319e-003,-8.07995467424764e-003
3.98107170553493e+005	-3.47366974976321e-003,-6.89994866057176e-003
4.46683592150958e+005	-3.31515374361270e-003,-5.84081759578318e-003
5.01187233627267e+005	-3.13187292518861e-003,-4.89485764148562e-003
5.62341325190343e+005	-2.92587259500315e-003,-4.05600910303411e-003
6.30957344480186e+005	-2.70061044068847e-003,-3.31924590609320e-003
7.07945784384130e+005	-2.46095852941374e-003,-2.67988684260982e-003
7.94328234724273e+005	-2.21295487230731e-003,-2.13292737564647e-003
8.91250938133736e+005	-1.96331701511430e-003,-1.67251580636230e-003
9.99999999999989e+005	-1.71880110527225e-003,-1.29168122793156e-003
1.12201845430195e+006	-1.48554099364710e-003,-9.82361545148937e-004
1.25892541179415e+006	-1.26850799000099e-003,-7.35699681689067e-004
1.41253754462274e+006	-1.07118972866333e-003,-5.42509102895195e-004
1.58489319246110e+006	-8.95517205351219e-004,-3.93782266301172e-004
1.77827941003890e+006	-7.42003519981119e-004,-2.81131865388872e-004
1.99526231496886e+006	-6.10019039617205e-004,-1.97098740465230e-004
2.23872113856831e+006	-4.98120929072150e-004,-1.35309047796272e-004
2.51188643150955e+006	-4.04371394129996e-004,-9.04996543652519e-005
2.81838293126442e+006	-3.26604743827974e-004,-5.84487923657264e-005
3.16227766016834e+006	-2.62627476097216e-004,-3.58515075321209e-005
3.54813389233571e+006	-2.10352604489773e-004,-2.01727087971578e-005
3.98107170553492e+006	-1.67878648331686e-004,-9.50060599039267e-006
4.46683592150958e+006	-1.33526855162013e-004,-2.41382405723410e-006
5.01187233627266e+006	-1.05849672224471e-004,2.13179714929533e-006
5.62341325190342e+006	-8.36212025746435e-005,4.89549301403092e-006
6.30957344480185e+006	-6.58176563243472e-005,6.42443491498136e-006
7.07945784384129e+006	-5.15933167998914e-005,7.10987972441369e-006
7.94328234724271e+006	-4.02555499431695e-005,7.22965228502036e-006
8.91250938133734e+006	-3.12409262063571e-005,6.97983428254728e-006
1.00000000000000e+007	-2.40935255221521e-005,6.49813680152703e-006
Step Information: K=700m  (Run: 6/7)
1.00000000000000e-001	1.38780326685364e-007,4.40697739350950e-004
1.12201845430196e-001	1.74714076434615e-007,4.94470985038915e-004
1.25892541179417e-001	2.19951985095662e-007,5.54805554394276e-004
1.41253754462275e-001	2.76903134653345e-007,6.22502048069050e-004
1.58489319246111e-001	3.48600378939815e-007,6.98458753977232e-004
1.77827941003892e-001	4.38861853608919e-007,7.83683566616745e-004
1.99526231496888e-001	5.52494304908519e-007,8.79307360633808e-004
2.23872113856834e-001	6.95549065060679e-007,9.86598996018568e-004
2.51188643150958e-001	8.75644305573047e-007,1.10698215394251e-003
2.81838293126445e-001	1.10237072917145e-006,1.24205422649885e-003
3.16227766016838e-001	1.38780230417729e-006,1.39360751080309e-003
3.54813389233575e-001	1.74713923860729e-006,1.56365298840707e-003
3.98107170553497e-001	2.19951743282414e-006,1.75444700516943e-003
4.46683592150963e-001	2.76902751405304e-006,1.96852120505024e-003
5.01187233627272e-001	3.48599771532866e-006,2.20871611424448e-003
5.62341325190348e-001	4.38860890934299e-006,2.47821882018182e-003
6.30957344480192e-001	5.52492779173106e-006,2.78060524379697e-003
7.07945784384137e-001	6.95546646935080e-006,3.11988756377592e-003
7.94328234724280e-001	8.75640473106378e-006,3.50056741893044e-003
8.91250938133744e-001	1.10236465512936e-005,3.92769559023057e-003
9.99999999999999e-001	1.38779267748577e-005,4.40693894817734e-003
1.12201845430196e+000	1.74712398136224e-005,4.94465554502157e-003
1.25892541179417e+000	2.19949325178579e-005,5.54797883576333e-003
1.41253754462275e+000	2.76898918982058e-005,6.22491212784701e-003
1.58489319246111e+000	3.48593697577412e-005,6.98443448791734e-003
1.77827941003892e+000	4.38851264415644e-005,7.83661947575095e-003
1.99526231496888e+000	5.52477522272965e-005,8.79276823116955e-003
2.23872113856834e+000	6.95522466584900e-005,9.86555860969414e-003
2.51188643150958e+000	8.75602150246979e-005,1.10692122467056e-002
2.81838293126445e+000	1.10230391831439e-004,1.24196816268953e-002
3.16227766016837e+000	1.38769641776527e-004,1.39348594435258e-002
3.54813389233575e+000	1.74697142326676e-004,1.56348127463042e-002
3.98107170553496e+000	2.19925147004344e-004,1.75420445905684e-002
4.46683592150962e+000	2.76860600464062e-004,1.96817861030697e-002
5.01187233627271e+000	3.48532969424236e-004,2.20823220541698e-002
5.62341325190348e+000	4.38755021976560e-004,2.47753531477466e-002
6.30957344480192e+000	5.52324998655603e-004,2.77963982716637e-002
7.07945784384136e+000	6.95280753628351e-004,3.11852398396581e-002
7.94328234724279e+000	8.75219102294889e-004,3.49864150225490e-002
8.91250938133743e+000	1.10169691054340e-003,3.92497550019719e-002
9.99999999999997e+000	1.38673453948647e-003,4.40309732257804e-002
1.12201845430196e+001	1.74544727644735e-003,4.93923017779712e-002
1.25892541179416e+001	2.19683651331595e-003,5.54031720841465e-002
1.41253754462275e+001	2.76477985872062e-003,6.21409318183718e-002
1.58489319246111e+001	3.47926825873307e-003,6.96915834512789e-002
1.77827941003892e+001	4.37794866921717e-003,7.81505205460767e-002
1.99526231496887e+001	5.50804287305674e-003,8.76232245287160e-002
2.23872113856833e+001	6.92872644504908e-003,9.82258656961193e-002
2.51188643150957e+001	8.71406601443853e-003,1.10085725650142e-001
2.81838293126444e+001	1.09566265617760e-002,1.23341321524249e-001
3.16227766016837e+001	1.37718711138291e-002,1.38142062007331e-001
3.54813389233574e+001	1.73034787348055e-002,1.54647197327079e-001
3.98107170553496e+001	2.17296963797041e-002,1.73023735696633e-001
4.46683592150961e+001	2.72708053194605e-002,1.93442883174958e-001
5.01187233627270e+001	3.41977073554799e-002,2.16074420045884e-001
5.62341325190347e+001	4.28414965942881e-002,2.41078256671266e-001
6.30957344480191e+001	5.36036471936341e-002,2.68592226425100e-001
7.07945784384135e+001	6.69660756671552e-002,2.98715000623587e-001
7.94328234724278e+001	8.34997827119643e-002,3.31482906185156e-001
8.91250938133742e+001	1.03870005545219e-001,3.66839489494994e-001
9.99999999999995e+001	1.28834810845581e-001,4.04597055373764e-001
1.12201845430196e+002	1.59232901808288e-001,4.44390337450027e-001
1.25892541179416e+002	1.95955319542317e-001,4.85624187408509e-001
1.41253754462275e+002	2.39895140646282e-001,5.27419931049813e-001
1.58489319246111e+002	2.91869952967197e-001,5.68568845198268e-001
1.77827941003891e+002	3.52514810538456e-001,6.07505586459144e-001
1.99526231496887e+002	4.22149435863235e-001,6.42318059364087e-001
2.23872113856833e+002	5.00632818286360e-001,6.70810894371235e-001
2.51188643150957e+002	5.87229524447427e-001,6.90634631911717e-001
2.81838293126444e+002	6.80521081619506e-001,6.99479940092500e-001
3.16227766016836e+002	7.78396978771417e-001,6.95316786743659e-001
3.54813389233574e+002	8.78148193456399e-001,6.76638143707391e-001
3.98107170553495e+002	9.76661552076262e-001,6.42655959031691e-001
4.46683592150961e+002	1.07068303391475e+000,5.93402375401099e-001
5.01187233627270e+002	1.15709521222436e+000,5.29713033828295e-001
5.62341325190346e+002	1.23314978064483e+000,4.53103346144756e-001
6.30957344480190e+002	1.29661305687321e+000,3.65578322230125e-001
7.07945784384134e+002	1.34581238931249e+000,2.69429786084551e-001
7.94328234724277e+002	1.37960120065463e+000,1.67068500817429e-001
8.91250938133740e+002	1.39727933192732e+000,6.09187460730568e-002
9.99999999999994e+002	1.39850981369810e+000,-4.66211171984347e-002
1.12201845430196e+003	1.38326570301688e+000,-1.53168811035732e-001
1.25892541179416e+003	1.35182603014128e+000,-2.56328546320430e-001
1.41253754462275e+003	1.30482232692741e+000,-3.53675841281857e-001
1.58489319246110e+003	1.24331942899436e+000,-4.42787594476001e-001
1.77827941003891e+003	1.16889889674563e+000,-5.21336793067500e-001
1.99526231496887e+003	1.08370438338837e+000,-5.87252037670267e-001
2.23872113856832e+003	9.90410489436364e-001,-6.38918195666904e-001
2.51188643150956e+003	8.92093273919108e-001,-6.75373136950638e-001
2.81838293126443e+003	7.92009246576375e-001,-6.96446333980849e-001
3.16227766016836e+003	6.93320677009713e-001,-7.02795094421422e-001
3.54813389233573e+003	5.98825003159523e-001,-6.95821903981685e-001
3.98107170553494e+003	5.10745498177074e-001,-6.77490827262865e-001
4.46683592150960e+003	4.30619838701046e-001,-6.50087355294494e-001
5.01187233627269e+003	3.59293186352525e-001,-6.15974582073326e-001
5.62341325190345e+003	2.96996087015710e-001,-5.77389066592439e-001
6.30957344480189e+003	2.43473502674031e-001,-5.36300040212926e-001
7.07945784384133e+003	1.98130621946300e-001,-4.94335479154274e-001
7.94328234724276e+003	1.60169283742510e-001,-4.52764474358140e-001
8.91250938133739e+003	1.28700030740310e-001,-4.12519051539072e-001
9.99999999999992e+003	1.02824675821023e-001,-3.74238518414826e-001
1.12201845430195e+004	8.16909182400392e-002,-3.38322770037535e-001
1.25892541179416e+004	6.45239409221204e-002,-3.04985367840630e-001
1.41253754462274e+004	5.06409013748061e-002,-2.74301169688369e-001
1.58489319246110e+004	3.94537976569572e-002,-2.46246237142514e-001
1.77827941003891e+004	3.04651412034150e-002,-2.20729639581965e-001
1.99526231496886e+004	2.32596987886157e-002,-1.97617819175057e-001
2.23872113856832e+004	1.74945286944565e-002,-1.76752640049348e-001
2.51188643150956e+004	1.28887216289486e-002,-1.57964348810115e-001
2.81838293126443e+004	9.21366761173287e-003,-1.41080588533651e-001
3.16227766016835e+004	6.28427032311848e-003,-1.25932441729288e-001
3.54813389233572e+004	3.95127488773792e-003,-1.12358291500381e-001
3.98107170553494e+004	2.09472186758207e-003,-1.00206115925577e-001
4.46683592150959e+004	6.18455837725638e-004,-8.93346818183108e-002
5.01187233627268e+004	-5.54423421918558e-004,-7.96139836168094e-002
5.62341325190344e+004	-1.48529259256675e-003,-7.09251793044911e-002
6.30957344480187e+004	-2.22304296321800e-003,-6.31602040326906e-002
7.07945784384131e+004	-2.80653881889831e-003,-5.62211891560894e-002
7.94328234724274e+004	-3.26659647959337e-003,-5.00197756678130e-002
8.91250938133737e+004	-3.62757021877184e-003,-4.44763831296738e-002
9.99999999999990e+004	-3.90861776158318e-003,-3.95194753996281e-002
1.12201845430195e+005	-4.12470594377480e-003,-3.50848506391021e-002
1.25892541179415e+005	-4.28740674338067e-003,-3.11149736165444e-002
1.41253754462274e+005	-4.40552539424804e-003,-2.75583619749971e-002
1.58489319246110e+005	-4.48559566219651e-003,-2.43690339354926e-002
1.77827941003891e+005	-4.53227257137408e-003,-2.15060220601041e-002
1.99526231496886e+005	-4.54864982856503e-003,-1.89329554524519e-002
2.23872113856832e+005	-4.53652773183454e-003,-1.66177103548915e-002
2.51188643150955e+005	-4.49665707807263e-003,-1.45321256596854e-002
2.81838293126442e+005	-4.42898470583623e-003,-1.26517745020001e-002
3.16227766016835e+005	-4.33292539176515e-003,-1.09557751460234e-002
3.54813389233572e+005	-4.20768064411705e-003,-9.42661378662224e-003
3.98107170553493e+005	-4.05261470805707e-003,-8.04994010400038e-003
4.46683592150958e+005	-3.86767936754815e-003,-6.81428719508038e-003
5.01187233627267e+005	-3.65385174605338e-003,-5.71066724839990e-003
5.62341325190343e+005	-3.41351802750368e-003,-4.73201062020646e-003
6.30957344480186e+005	-3.15071218080322e-003,-3.87245355710873e-003
7.07945784384130e+005	-2.87111828431603e-003,-3.12653464971145e-003
7.94328234724273e+005	-2.58178068435853e-003,-2.48841527158755e-003
8.91250938133736e+005	-2.29053651763335e-003,-1.95126844075601e-003
9.99999999999989e+005	-2.00526795615095e-003,-1.50696143258682e-003
1.12201845430195e+006	-1.73313115925495e-003,-1.14608846934043e-003
1.25892541179415e+006	-1.47992598833448e-003,-8.58316295303911e-004
1.41253754462274e+006	-1.24972135010721e-003,-6.32927286711061e-004
1.58489319246110e+006	-1.04477007290976e-003,-4.59412644018034e-004
1.77827941003890e+006	-8.65670773311305e-004,-3.27987176287017e-004
1.99526231496886e+006	-7.11688879553406e-004,-2.29948530542768e-004
2.23872113856831e+006	-5.81141083917508e-004,-1.57860555762318e-004
2.51188643150955e+006	-4.71766626484995e-004,-1.05582930092794e-004
2.81838293126442e+006	-3.81038867799303e-004,-6.81902577600141e-005
3.16227766016834e+006	-3.06398722113419e-004,-4.18267587874744e-005
3.54813389233571e+006	-2.45411371904735e-004,-2.35348269300175e-005
3.98107170553492e+006	-1.95858423053633e-004,-1.10840403221248e-005
4.46683592150958e+006	-1.55781331022348e-004,-2.81612806677312e-006
5.01187233627266e+006	-1.23491284261882e-004,2.48709667417789e-006
5.62341325190342e+006	-9.75580696704174e-005,5.71140851636941e-006
6.30957344480185e+006	-7.67872657117384e-005,7.49517406747826e-006
7.07945784384129e+006	-6.01922029332066e-005,8.29485967848264e-006
7.94328234724271e+006	-4.69648082670311e-005,8.43459433252376e-006
8.91250938133734e+006	-3.64477472407499e-005,8.14313999630516e-006
1.00000000000000e+007	-2.81091131091774e-005,7.58115960178153e-006
Step Information: K=800m  (Run: 7/7)
1.00000000000000e-001	1.58606087640416e-007,5.03654559258228e-004
1.12201845430196e-001	1.99673230210989e-007,5.65109697187332e-004
1.25892541179417e-001	2.51373697252186e-007,6.34063490736316e-004
1.41253754462275e-001	3.16460725318108e-007,7.11430912078914e-004
1.58489319246111e-001	3.98400433074075e-007,7.98238575973980e-004
1.77827941003892e-001	5.01556404124479e-007,8.95638361847709e-004
1.99526231496888e-001	6.31422062752593e-007,1.00492269786721e-003
2.23872113856834e-001	7.94913217212204e-007,1.12754170973551e-003
2.51188643150958e-001	1.00073634922634e-006,1.26512246164859e-003
2.81838293126445e-001	1.25985226191023e-006,1.41949054457011e-003
3.16227766016838e-001	1.58605977620262e-006,1.59269429806068e-003
3.54813389233575e-001	1.99673055840833e-006,1.78703198675094e-003
3.98107170553497e-001	2.51373420894188e-006,2.00508229162221e-003
4.46683592150963e-001	3.16460287320348e-006,2.24973852005741e-003
5.01187233627272e-001	3.98399738894704e-006,2.52424698770798e-003
5.62341325190348e-001	5.01555303924914e-006,2.83225008020780e-003
6.30957344480192e-001	6.31420319054979e-006,3.17783456433939e-003
7.07945784384137e-001	7.94910453640092e-006,3.56558578717248e-003
7.94328234724280e-001	1.00073196926443e-005,4.00064847877765e-003
8.91250938133744e-001	1.25984532014784e-005,4.48879496026351e-003
9.99999999999999e-001	1.58604877426945e-005,5.03650165505982e-003
1.12201845430196e+000	1.99671312155685e-005,5.65103490859608e-003
1.25892541179417e+000	2.51370657346947e-005,6.34054724087238e-003
1.41253754462275e+000	3.16455907408066e-005,7.11418528896802e-003
1.58489319246111e+000	3.98392797231328e-005,7.98221084333410e-003
1.77827941003892e+000	5.01544302189308e-005,8.95613654371538e-003
1.99526231496888e+000	6.31402882597675e-005,1.00488779784795e-002
2.23872113856834e+000	7.94882818954171e-005,1.12749241253647e-002
2.51188643150958e+000	1.00068817171083e-004,1.26505282819493e-002
2.81838293126445e+000	1.25977590664502e-004,1.41939218593089e-002
3.16227766016837e+000	1.58593876316031e-004,1.59255536497438e-002
3.54813389233575e+000	1.99653876944772e-004,1.78683574243477e-002
3.98107170553496e+000	2.51343025147822e-004,2.00480509606496e-002
4.46683592150962e+000	3.16412114816071e-004,2.24934698320797e-002
5.01187233627271e+000	3.98323393627698e-004,2.52369394904798e-002
5.62341325190348e+000	5.01434310830354e-004,2.83146893117104e-002
6.30957344480192e+000	6.31228569892118e-004,3.17673123104728e-002
7.07945784384136e+000	7.94606575575258e-004,3.56402741024664e-002
7.94328234724279e+000	1.00025040262273e-003,3.99844743114846e-002
8.91250938133743e+000	1.25908218347818e-003,4.48568628593964e-002
9.99999999999997e+000	1.58483947369882e-003,5.03211122580348e-002
1.12201845430196e+001	1.99479688736840e-003,5.64483448891099e-002
1.25892541179416e+001	2.51067030093252e-003,6.33179109533103e-002
1.41253754462275e+001	3.15974840996643e-003,7.10182077924250e-002
1.58489319246111e+001	3.97630658140922e-003,7.96475239443188e-002
1.77827941003892e+001	5.00336990767677e-003,8.93148806240877e-002
1.99526231496887e+001	6.29490614063628e-003,1.00140828032818e-001
2.23872113856833e+001	7.91854450862752e-003,1.12258132224136e-001
2.51188643150957e+001	9.95893258792975e-003,1.25812257885876e-001
2.81838293126444e+001	1.25218589277440e-002,1.40961510313428e-001
3.16227766016837e+001	1.57392812729475e-002,1.57876642294093e-001
3.54813389233574e+001	1.97754042683491e-002,1.76739654088090e-001
3.98107170553496e+001	2.48339387196619e-002,1.97741412224724e-001
4.46683592150961e+001	3.11666346508120e-002,2.21077580771380e-001
5.01187233627270e+001	3.90830941205485e-002,2.46942194338153e-001
5.62341325190347e+001	4.89617103934721e-002,2.75518007624304e-001
6.30957344480191e+001	6.12613110784390e-002,3.06962544485829e-001
7.07945784384135e+001	7.65326579053202e-002,3.41388572141242e-001
7.94328234724278e+001	9.54283230993878e-002,3.78837607068750e-001
8.91250938133742e+001	1.18708577765965e-001,4.19245130851422e-001
9.99999999999995e+001	1.47239783823522e-001,4.62396634712873e-001
1.12201845430196e+002	1.81980459209472e-001,5.07874671371460e-001
1.25892541179416e+002	2.23948936619791e-001,5.54999071324011e-001
1.41253754462275e+002	2.74165875024323e-001,6.02765635485501e-001
1.58489319246111e+002	3.33565660533940e-001,6.49792965940878e-001
1.77827941003891e+002	4.02874069186807e-001,6.94292098810450e-001
1.99526231496887e+002	4.82456498129411e-001,7.34077782130386e-001
2.23872113856833e+002	5.72151792327269e-001,7.66641022138555e-001
2.51188643150957e+002	6.71119456511346e-001,7.89296722184820e-001
2.81838293126444e+002	7.77738378993722e-001,7.99405645820000e-001
3.16227766016836e+002	8.89596547167334e-001,7.94647756278468e-001
3.54813389233574e+002	1.00359793537874e+000,7.73300735665590e-001
3.98107170553495e+002	1.11618463094430e+000,7.34463953179075e-001
4.46683592150961e+002	1.22363775304542e+000,6.78174143315542e-001
5.01187233627270e+002	1.32239452825641e+000,6.05386324375195e-001
5.62341325190346e+002	1.40931403502266e+000,5.17832395594007e-001
6.30957344480190e+002	1.48184349356938e+000,4.17803796834428e-001
7.07945784384134e+002	1.53807130207142e+000,3.07919755525201e-001
7.94328234724277e+002	1.57668708646244e+000,1.90935429505632e-001
8.91250938133740e+002	1.59689066505979e+000,6.96214240834932e-002
9.99999999999994e+002	1.59829692994069e+000,-5.32812767982111e-002
1.12201845430196e+003	1.58087508916214e+000,-1.75050069755123e-001
1.25892541179416e+003	1.54494403444717e+000,-2.92946910080491e-001
1.41253754462275e+003	1.49122551648847e+000,-4.04200961464979e-001
1.58489319246110e+003	1.42093649027927e+000,-5.06042965115430e-001
1.77827941003891e+003	1.33588445342358e+000,-5.95813477791429e-001
1.99526231496887e+003	1.23851929530099e+000,-6.71145185908877e-001
2.23872113856832e+003	1.13189770221299e+000,-7.30192223619318e-001
2.51188643150956e+003	1.01953517019327e+000,-7.71855013657872e-001
2.81838293126443e+003	9.05153424658715e-001,-7.95938667406685e-001
3.16227766016836e+003	7.92366488011101e-001,-8.03194393624482e-001
3.54813389233573e+003	6.84371432182312e-001,-7.95225033121926e-001
3.98107170553494e+003	5.83709140773799e-001,-7.74275231157560e-001
4.46683592150960e+003	4.92136958515481e-001,-7.42956977479422e-001
5.01187233627269e+003	4.10620784402886e-001,-7.03970950940944e-001
5.62341325190345e+003	3.39424099446526e-001,-6.59873218962788e-001
6.30957344480189e+003	2.78255431627463e-001,-6.12914331671916e-001
7.07945784384133e+003	2.26434996510057e-001,-5.64954833319170e-001
7.94328234724276e+003	1.83050609991440e-001,-5.17445113552160e-001
8.91250938133739e+003	1.47085749417497e-001,-4.71450344616082e-001
9.99999999999992e+003	1.17513915224026e-001,-4.27701163902658e-001
1.12201845430195e+004	9.33610494171876e-002,-3.86654594328612e-001
1.25892541179416e+004	7.37416467681376e-002,-3.48554706103577e-001
1.41253754462274e+004	5.78753158569213e-002,-3.13487051072422e-001
1.58489319246110e+004	4.50900544650940e-002,-2.81424271020017e-001
1.77827941003891e+004	3.48173042324742e-002,-2.52262445236532e-001
1.99526231496886e+004	2.65825129012751e-002,-2.25848936200065e-001
2.23872113856832e+004	1.99937470793789e-002,-2.02003017199255e-001
2.51188643150956e+004	1.47299675759413e-002,-1.80530684354417e-001
2.81838293126443e+004	1.05299058419804e-002,-1.61234958324172e-001
3.16227766016835e+004	7.18202322642111e-003,-1.43922790547758e-001
3.54813389233572e+004	4.51574272884334e-003,-1.28409476000435e-001
3.98107170553494e+004	2.39396784866522e-003,-1.14521275343517e-001
4.46683592150959e+004	7.06806671686443e-004,-1.02096779220927e-001
5.01187233627268e+004	-6.33626767906923e-004,-9.09874098477822e-002
5.62341325190344e+004	-1.69747724864772e-003,-8.10573477765613e-002
6.30957344480187e+004	-2.54062052939201e-003,-7.21830903230749e-002
7.07945784384131e+004	-3.20747293588378e-003,-6.42527876069593e-002
7.94328234724274e+004	-3.73325311953528e-003,-5.71654579060720e-002
8.91250938133737e+004	-4.14579453573924e-003,-5.08301521481987e-002
9.99999999999990e+004	-4.46699172752363e-003,-4.51651147424321e-002
1.12201845430195e+005	-4.71394965002835e-003,-4.00969721589739e-002
1.25892541179415e+005	-4.89989342100648e-003,-3.55599698474793e-002
1.41253754462274e+005	-5.03488616485490e-003,-3.14952708285681e-002
1.58489319246110e+005	-5.12639504251029e-003,-2.78503244977058e-002
1.77827941003891e+005	-5.17974008157038e-003,-2.45783109258333e-002
1.99526231496886e+005	-5.19845694693147e-003,-2.16376633742307e-002
2.23872113856832e+005	-5.18460312209662e-003,-1.89916689770188e-002
2.51188643150955e+005	-5.13903666065444e-003,-1.66081436110691e-002
2.81838293126442e+005	-5.06169680666998e-003,-1.44591708594286e-002
3.16227766016835e+005	-4.95191473344589e-003,-1.25208858811696e-002
3.54813389233572e+005	-4.80877787899092e-003,-1.07732728989969e-002
3.98107170553493e+005	-4.63155966635094e-003,-9.19993154742901e-003
4.46683592150958e+005	-4.42020499148360e-003,-7.78775679437758e-003
5.01187233627267e+005	-4.17583056691814e-003,-6.52647685531417e-003
5.62341325190343e+005	-3.90116346000420e-003,-5.40801213737881e-003
6.30957344480186e+005	-3.60081392091797e-003,-4.42566120812427e-003
7.07945784384130e+005	-3.28127803921832e-003,-3.57318245681309e-003
7.94328234724273e+005	-2.95060649640975e-003,-2.84390316752863e-003
8.91250938133736e+005	-2.61775602015240e-003,-2.23002107514973e-003
9.99999999999989e+005	-2.29173480702966e-003,-1.72224163724208e-003
1.12201845430195e+006	-1.98072132486280e-003,-1.30981539353192e-003
1.25892541179415e+006	-1.69134398666798e-003,-9.80932908918755e-004
1.41253754462274e+006	-1.42825297155110e-003,-7.23345470526927e-004
1.58489319246110e+006	-1.19402294046829e-003,-5.25043021734896e-004
1.77827941003890e+006	-9.89338026641492e-004,-3.74842487185163e-004
1.99526231496886e+006	-8.13358719489607e-004,-2.62798320620307e-004
2.23872113856831e+006	-6.64161238762866e-004,-1.80412063728363e-004
2.51188643150955e+006	-5.39161858839995e-004,-1.20666205820336e-004
2.81838293126442e+006	-4.35472991770632e-004,-7.79317231543019e-005
3.16227766016834e+006	-3.50169968129621e-004,-4.78020100428278e-005
3.54813389233571e+006	-2.80470139319697e-004,-2.68969450628771e-005
3.98107170553492e+006	-2.23838197775581e-004,-1.26674746538569e-005
4.46683592150958e+006	-1.78035806882684e-004,-3.21843207631213e-006
5.01187233627266e+006	-1.41132896299294e-004,2.84239619906044e-006
5.62341325190342e+006	-1.11494936766191e-004,6.52732401870790e-006
6.30957344480185e+006	-8.77568750991296e-005,8.56591321997515e-006
7.07945784384129e+006	-6.87910890665218e-005,9.47983963255159e-006
7.94328234724271e+006	-5.36740665908926e-005,9.63953638002715e-006
8.91250938133734e+006	-4.16545682751428e-005,9.30644571006304e-006
1.00000000000000e+007	-3.21247006962028e-005,8.66418240203603e-006
