Step Information: K=600m  (Run: 5/7)
1.00000000000000e-001	1.18954565730312e-007,3.77740919443671e-004
1.12201845430196e-001	1.49754922658242e-007,4.23832272890499e-004
1.25892541179417e-001	1.88530272939139e-007,4.75547618052237e-004
1.41253754462275e-001	2.37345543988581e-007,5.33573184059185e-004
1.58489319246111e-001	2.98800324805556e-007,5.98678931980485e-004
1.77827941003892e-001	3.76167303093359e-007,6.71728771385781e-004
1.99526231496888e-001	4.73566547064444e-007,7.53692023400407e-004
2.23872113856834e-001	5.96184912909153e-007,8.45656282301629e-004
2.51188643150958e-001	7.50552261919755e-007,9.48841846236441e-004
2.81838293126445e-001	9.44889196432669e-007,1.06461790842758e-003
3.16227766016838e-001	1.18954483215196e-006,1.19452072354551e-003
3.54813389233575e-001	1.49754791880625e-006,1.34027399006320e-003
3.98107170553497e-001	1.88530065670641e-006,1.50381171871666e-003
4.46683592150963e-001	2.37345215490261e-006,1.68730389004306e-003
5.01187233627272e-001	2.98799804171028e-006,1.89318524078098e-003
5.62341325190348e-001	3.76166477943685e-006,2.12418756015585e-003
6.30957344480192e-001	4.73565239291234e-006,2.38337592325454e-003
7.07945784384137e-001	5.96182840230069e-006,2.67418934037936e-003
7.94328234724280e-001	7.50548976948324e-006,3.00048635908324e-003
8.91250938133744e-001	9.44883990110876e-006,3.36659622019763e-003
9.99999999999999e-001	1.18953658070209e-005,3.77737624129486e-003
1.12201845430196e+000	1.49753484116764e-005,4.23827618144706e-003
1.25892541179417e+000	1.88527993010210e-005,4.75541043065429e-003
1.41253754462275e+000	2.37341930556050e-005,5.33563896672601e-003
1.58489319246111e+000	2.98794597923496e-005,5.98665813250057e-003
1.77827941003892e+000	3.76158226641981e-005,6.71710240778653e-003
1.99526231496888e+000	4.73552161948256e-005,7.53665848385961e-003
2.23872113856834e+000	5.96162114215628e-005,8.45619309402355e-003
2.51188643150958e+000	7.50516128783125e-005,9.48789621146194e-003
2.81838293126445e+000	9.44831929983762e-005,1.06454413944817e-002
3.16227766016837e+000	1.18945407237023e-004,1.19441652373079e-002
3.54813389233575e+000	1.49740407708579e-004,1.34012680682608e-002
3.98107170553496e+000	1.88507268860866e-004,1.50360382204872e-002
4.46683592150962e+000	2.37309086112053e-004,1.68701023740598e-002
5.01187233627271e+000	2.98742545220774e-004,1.89277046178599e-002
5.62341325190348e+000	3.76075733122766e-004,2.12360169837828e-002
6.30957344480192e+000	4.73421427419088e-004,2.38254842328546e-002
7.07945784384136e+000	5.95954931681443e-004,2.67302055768498e-002
7.94328234724279e+000	7.50187801967048e-004,2.99883557336134e-002
8.91250938133743e+000	9.44311637608633e-004,3.36426471445473e-002
9.99999999999997e+000	1.18862960527412e-003,3.77408341935261e-002
1.12201845430196e+001	1.49609766552630e-003,4.23362586668324e-002
1.25892541179416e+001	1.88300272569939e-003,4.74884332149827e-002
1.41253754462275e+001	2.36981130747482e-003,5.32636558443187e-002
1.58489319246111e+001	2.98222993605691e-003,5.97356429582390e-002
1.77827941003892e+001	3.75252743075757e-003,6.69861604680658e-002
1.99526231496887e+001	4.72117960547721e-003,7.51056210246137e-002
2.23872113856833e+001	5.93890838147064e-003,8.41935991681023e-002
2.51188643150957e+001	7.46919944094731e-003,9.43591934144072e-002
2.81838293126444e+001	9.39139419580800e-003,1.05721132735071e-001
3.16227766016837e+001	1.18044609547106e-002,1.18407481720569e-001
3.54813389233574e+001	1.48315532012618e-002,1.32554740566068e-001
3.98107170553496e+001	1.86254540397464e-002,1.48306059168543e-001
4.46683592150961e+001	2.33749759881090e-002,1.65808185578535e-001
5.01187233627270e+001	2.93123205904114e-002,1.85206645753615e-001
5.62341325190347e+001	3.67212827951041e-002,2.06638505718228e-001
6.30957344480191e+001	4.59459833088292e-002,2.30221908364372e-001
7.07945784384135e+001	5.73994934289902e-002,2.56041429105932e-001
7.94328234724278e+001	7.15712423245408e-002,2.84128205301563e-001
8.91250938133742e+001	8.90314333244734e-002,3.14433848138566e-001
9.99999999999995e+001	1.10429837867641e-001,3.46797476034655e-001
1.12201845430196e+002	1.36485344407104e-001,3.80906003528595e-001
1.25892541179416e+002	1.67961702464843e-001,4.16249303493008e-001
1.41253754462275e+002	2.05624406268242e-001,4.52074226614125e-001
1.58489319246111e+002	2.50174245400455e-001,4.87344724455659e-001
1.77827941003891e+002	3.02155551890105e-001,5.20719074107838e-001
1.99526231496887e+002	3.61842373597058e-001,5.50558336597789e-001
2.23872113856833e+002	4.29113844245451e-001,5.74980766603916e-001
2.51188643150957e+002	5.03339592383509e-001,5.91972541638614e-001
2.81838293126444e+002	5.83303784245291e-001,5.99554234365000e-001
3.16227766016836e+002	6.67197410375500e-001,5.95985817208851e-001
3.54813389233574e+002	7.52698451534057e-001,5.79975551749192e-001
3.98107170553495e+002	8.37138473208225e-001,5.50847964884306e-001
4.46683592150961e+002	9.17728314784067e-001,5.08630607486656e-001
5.01187233627270e+002	9.91795896192307e-001,4.54039743281396e-001
5.62341325190346e+002	1.05698552626700e+000,3.88374296695505e-001
6.30957344480190e+002	1.11138262017704e+000,3.13352847625821e-001
7.07945784384134e+002	1.15355347655356e+000,2.30939816643901e-001
7.94328234724277e+002	1.18251531484683e+000,1.43201572129225e-001
8.91250938133740e+002	1.19766799879484e+000,5.22160680626201e-002
9.99999999999994e+002	1.19872269745551e+000,-3.99609575986583e-002
1.12201845430196e+003	1.18565631687161e+000,-1.31287552316342e-001
1.25892541179416e+003	1.15870802583538e+000,-2.19710182560368e-001
1.41253754462275e+003	1.11841913736635e+000,-3.03150721098734e-001
1.58489319246110e+003	1.06570236770945e+000,-3.79532223836572e-001
1.77827941003891e+003	1.00191334006768e+000,-4.46860108343571e-001
1.99526231496887e+003	9.28889471475745e-001,-5.03358889431657e-001
2.23872113856832e+003	8.48923276659741e-001,-5.47644167714489e-001
2.51188643150956e+003	7.64651377644950e-001,-5.78891260243404e-001
2.81838293126443e+003	6.78865068494036e-001,-5.96954000555013e-001
3.16227766016836e+003	5.94274866008326e-001,-6.02395795218362e-001
3.54813389233573e+003	5.13278574136734e-001,-5.96418774841444e-001
3.98107170553494e+003	4.37781855580349e-001,-5.80706423368170e-001
4.46683592150960e+003	3.69102718886611e-001,-5.57217733109566e-001
5.01187233627269e+003	3.07965588302165e-001,-5.27978213205708e-001
5.62341325190345e+003	2.54568074584895e-001,-4.94904914222091e-001
6.30957344480189e+003	2.08691573720598e-001,-4.59685748753937e-001
7.07945784384133e+003	1.69826247382543e-001,-4.23716124989377e-001
7.94328234724276e+003	1.37287957493580e-001,-3.88083835164120e-001
8.91250938133739e+003	1.10314312063123e-001,-3.53587758462061e-001
9.99999999999992e+003	8.81354364180194e-002,-3.20775872926993e-001
1.12201845430195e+004	7.00207870628907e-002,-2.89990945746459e-001
1.25892541179416e+004	5.53062350761032e-002,-2.61416029577683e-001
1.41253754462274e+004	4.34064868926910e-002,-2.35115288304316e-001
1.58489319246110e+004	3.38175408488205e-002,-2.11068203265012e-001
1.77827941003891e+004	2.61129781743557e-002,-1.89196833927399e-001
1.99526231496886e+004	1.99368846759563e-002,-1.69386702150049e-001
2.23872113856832e+004	1.49953103095342e-002,-1.51502262899441e-001
2.51188643150956e+004	1.10474756819559e-002,-1.35398013265813e-001
2.81838293126443e+004	7.89742938148532e-003,-1.20926218743129e-001
3.16227766016835e+004	5.38651741981584e-003,-1.07942092910818e-001
3.54813389233572e+004	3.38680704663250e-003,-9.63071070003265e-002
3.98107170553494e+004	1.79547588649892e-003,-8.58909565076375e-002
4.46683592150959e+004	5.30105003764833e-004,-7.65725844156950e-002
5.01187233627268e+004	-4.75220075930192e-004,-6.82405573858366e-002
5.62341325190344e+004	-1.27310793648579e-003,-6.07930108324210e-002
6.30957344480187e+004	-1.90546539704400e-003,-5.41373177423062e-002
7.07945784384131e+004	-2.40560470191284e-003,-4.81895907052195e-002
7.94328234724274e+004	-2.79993983965146e-003,-4.28740934295540e-002
8.91250938133737e+004	-3.10934590180443e-003,-3.81226141111490e-002
9.99999999999990e+004	-3.35024379564272e-003,-3.38738360568241e-002
1.12201845430195e+005	-3.53546223752126e-003,-3.00727291192304e-002
1.25892541179415e+005	-3.67492006575486e-003,-2.66699773856095e-002
1.41253754462274e+005	-3.77616462364117e-003,-2.36214531214261e-002
1.58489319246110e+005	-3.84479628188272e-003,-2.08877433732794e-002
1.77827941003891e+005	-3.88480506117779e-003,-1.84337331943749e-002
1.99526231496886e+005	-3.89884271019860e-003,-1.62282475306730e-002
2.23872113856832e+005	-3.88845234157246e-003,-1.42437517327641e-002
2.51188643150955e+005	-3.85427749549083e-003,-1.24561077083018e-002
2.81838293126442e+005	-3.79627260500249e-003,-1.08443781445715e-002
3.16227766016835e+005	-3.71393605008442e-003,-9.39066441087719e-003
3.54813389233572e+005	-3.60658340924319e-003,-8.07995467424764e-003
3.98107170553493e+005	-3.47366974976321e-003,-6.89994866057176e-003
4.46683592150958e+005	-3.31515374361270e-003,-5.84081759578318e-003
5.01187233627267e+005	-3.13187292518861e-003,-4.89485764148562e-003
5.62341325190343e+005	-2.92587259500315e-003,-4.05600910303411e-003
6.30957344480186e+005	-2.70061044068847e-003,-3.31924590609320e-003
7.07945784384130e+005	-2.46095852941374e-003,-2.67988684260982e-003
7.94328234724273e+005	-2.21295487230731e-003,-2.13292737564647e-003
8.91250938133736e+005	-1.96331701511430e-003,-1.67251580636230e-003
9.99999999999989e+005	-1.71880110527225e-003,-1.29168122793156e-003
1.12201845430195e+006	-1.48554099364710e-003,-9.82361545148937e-004
1.25892541179415e+006	-1.26850799000099e-003,-7.35699681689067e-004
1.41253754462274e+006	-1.07118972866333e-003,-5.42509102895195e-004
1.58489319246110e+006	-8.95517205351219e-004,-3.93782266301172e-004
1.77827941003890e+006	-7.42003519981119e-004,-2.81131865388872e-004
1.99526231496886e+006	-6.10019039617205e-004,-1.97098740465230e-004
2.23872113856831e+006	-4.98120929072150e-004,-1.35309047796272e-004
2.51188643150955e+006	-4.04371394129996e-004,-9.04996543652519e-005
2.81838293126442e+006	-3.26604743827974e-004,-5.84487923657264e-005
3.16227766016834e+006	-2.62627476097216e-004,-3.58515075321209e-005
3.54813389233571e+006	-2.10352604489773e-004,-2.01727087971578e-005
3.98107170553492e+006	-1.67878648331686e-004,-9.50060599039267e-006
4.46683592150958e+006	-1.33526855162013e-004,-2.41382405723410e-006
5.01187233627266e+006	-1.05849672224471e-004,2.13179714929533e-006
5.62341325190342e+006	-8.36212025746435e-005,4.89549301403092e-006
6.30957344480185e+006	-6.58176563243472e-005,6.42443491498136e-006
7.07945784384129e+006	-5.15933167998914e-005,7.10987972441369e-006
7.94328234724271e+006	-4.02555499431695e-005,7.22965228502036e-006
8.91250938133734e+006	-3.12409262063571e-005,6.97983428254728e-006
1.00000000000000e+007	-2.40935255221521e-005,6.49813680152703e-006